64 48
1030 1031 1030 1031 1030 1031 4 1031 1030 1031 1030 1031 5 1031 1030 1031 1030 1099 1030 1031 1030 5 6 1031 1030 1031 1030 1087 1088 1031 1030 1031 1030 1031 1030 1031 1030 1031 1030 1031 1030 1031 1030 1031 1099 1031 1030 1031 1093 1031 1030 1031 6 7 8 7 9 10 0 0 0 0 0 0
1042 1046 1042 1046 11 12 13 12 5 6 4 14 15 16 14 17 6 7 9 10 16 15 17 4 18 1046 1100 1091 1092 1046 1042 1046 8 19 20 4 21 19 20 1031 21 19 20 8 21 19 20 4 21 19 20 22 9 10 23 14 0 0 0 0 0 0 0 0
1101 1042 1099 1084 0 24 25 24 15 14 13 26 27 0 26 0 14 16 0 0 0 27 0 13 12 5 1031 1030 1031 1093 1031 1089 23 28 29 13 30 28 29 14 30 28 29 23 30 28 29 13 30 28 29 14 0 0 31 26 0 0 0 125 126 0 0 0
1042 1046 1102 1103 0 0 0 0 27 26 25 0 32 0 0 0 26 0 0 0 0 32 0 25 24 15 4 6 1031 1030 1031 1084 33 0 0 25 0 0 0 26 0 0 0 31 0 0 0 25 0 0 0 127 34 0 35 0 0 0 0 128 129 0 0 0
1030 1031 1082 1104 0 0 0 0 32 0 0 0 0 0 0 0 0 0 0 0 0 36 0 0 0 27 13 12 5 1030 1101 1089 35 0 0 0 0 0 37 38 39 0 0 35 0 127 34 34 127 54395 53370 1105 1106 49268 0 37 38 39 0 130 131 0 132 133
1087 1088 1042 1107 0 0 0 0 0 134 135 136 0 0 0 40 41 42 0 0 0 0 0 0 0 32 25 24 15 1090 1046 1084 137 138 139 140 137 138 43 44 127 34 127 54396 53370 1105 1108 1105 1106 1109 45 1110 1111 1112 49269 43 44 127 34 141 142 127 34 127
1091 1092 1042 1084 0 0 0 0 0 143 144 145 0 0 0 137 46 47 0 0 0 0 0 0 0 0 0 0 27 1090 1030 1102 1106 1105 4098 4099 1106 1105 1108 1106 1105 1106 1105 1113 45 45 45 45 1096 48 1083 1087 1088 1082 1114 1106 1108 1106 1105 1105 1106 1105 1106 1105
1042 1046 1030 1084 0 0 0 0 0 146 147 148 0 54396 53370 1106 1105 1106 1108 0 0 0 0 0 0 0 0 0 32 1086 1093 1073 1073 1074 3074 3075 45 1107 49 50 49 1110 1096 48 1031 1099 1031 1030 1031 1093 1031 1091 1092 1030 1110 1111 45 1107 1115 1116 1110 1110 45 45
1030 1093 1042 1089 0 139 140 0 149 149 150 54395 53370 1113 1117 1073 1074 1073 1074 0 0 0 0 0 0 0 0 0 0 32830 32774 32833 14 30 3074 3075 28 30 14 51 52 4 7 6 1093 1031 7 21 19 20 7 6 1118 1030 7 6 20 19 7 1030 1093 1030 1119 1031
1042 1046 1030 1084 0 4098 4099 1106 1108 1106 1105 1109 1117 1096 1120 8 14 8 11 0 0 0 0 0 0 0 0 0 0 32830 32786 32828 26 0 3074 3075 0 0 26 0 0 13 51 52 6 8 14 30 28 29 14 17 8 20 9 10 29 28 17 5 6 1031 1030 1031
1119 1046 1101 1084 0 3074 3075 45 1107 1107 1074 1096 8 14 30 23 26 23 0 0 0 0 0 0 0 0 0 151 138 32834 32843 32833 137 138 3074 3075 137 0 0 0 0 25 0 0 14 23 26 0 0 0 26 0 23 29 0 0 0 0 0 15 12 5 22 22
1030 1031 1030 8 0 3074 3075 17 1042 1042 1046 11 23 26 0 33 0 33 0 0 0 0 53 54 53 54 1108 1105 1106 1121 1030 1102 1105 1106 1108 1105 1106 49268 0 0 0 37 38 39 26 31 0 0 0 0 0 0 31 0 0 0 0 0 0 55 24 15 17 8
1042 20 14 23 0 3074 3075 0 1086 1119 1089 0 33 0 0 35 0 35 0 0 0 0 18516 18513 18514 18514 1104 1104 45 1120 1030 1082 1111 1104 1104 45 1111 1112 49268 0 0 43 44 127 34 35 0 0 0 0 0 0 35 0 0 0 0 0 0 32 0 55 0 23
1030 29 26 31 0 3074 3075 0 1086 1042 1084 0 35 0 0 0 0 0 0 0 0 0 1069 1073 1107 50 1096 48 1042 1087 1088 1031 7 6 1031 7 6 1082 1112 49268 54395 53370 1106 1108 1106 1105 49268 0 0 0 0 0 56 0 0 0 0 0 0 152 0 32 0 31
1089 0 0 35 0 3074 3075 0 1090 1031 1084 0 0 0 0 0 0 0 0 0 0 0 12 8 12 5 1086 1119 1046 1091 1092 7 6 7 20 7 6 1031 1082 1112 1109 1117 1074 1073 1110 1111 1112 49269 34 139 140 0 0 0 0 0 0 0 0 0 0 152 0 35
1089 0 0 56 0 3074 3075 0 1086 1093 1084 0 0 0 0 0 0 0 0 0 0 0 24 23 24 15 1086 1030 1031 1093 1042 57 20 11 14 51 52 8 7 58 1120 1046 1042 1046 1042 1046 1082 1114 1108 4098 4099 1105 1108 0 0 0 0 0 0 0 0 0 0 56
1084 151 138 0 0 3074 3075 0 1090 1030 1089 0 0 0 53 54 53 54 0 0 0 0 0 33 0 27 1090 1042 1046 1042 1046 8 14 0 26 0 0 23 14 17 4 22 1031 1030 1099 1030 1031 1095 1073 3074 3075 1111 1111 0 0 0 0 0 0 0 0 0 0 0
1095 1106 1108 1106 0 3074 3075 0 1090 1031 1084 0 0 0 18516 18513 18514 18514 0 0 0 0 0 35 0 32 153 1030 1031 1030 1089 23 26 0 0 0 0 31 26 0 13 17 22 19 22 19 1093 19 8 3074 3075 1046 1082 0 0 0 0 0 0 0 0 0 0 0
1042 1073 1082 1122 0 3074 3075 0 1086 1046 1084 0 0 0 1069 1107 8 1111 0 0 0 0 0 0 0 0 0 12 5 1042 1084 31 0 125 126 0 0 35 0 0 25 0 14 28 30 28 14 28 23 3074 3075 13 28 0 125 126 0 0 0 0 0 0 0 0
1101 1042 59 1082 0 3074 3075 0 1090 1030 1089 0 0 0 14 29 23 29 0 0 0 0 0 0 0 0 0 24 15 1086 1084 35 0 128 129 0 0 56 0 0 0 0 26 0 0 0 26 0 31 3074 3075 25 0 0 128 129 0 0 0 0 0 0 0 0
1087 1088 1042 1089 0 3074 3075 0 1086 1042 1089 0 0 0 26 0 33 0 0 0 0 0 0 0 0 0 0 0 27 1090 1084 0 0 130 131 0 50294 49269 138 151 138 127 127 154 154 151 0 0 35 3074 3075 0 0 0 130 131 0 50294 1108 49269 0 139 140 0
1091 1092 1093 1084 0 3074 3075 0 1086 1042 1084 0 0 0 0 0 35 0 0 0 0 0 0 0 0 0 0 0 32 1086 1102 1105 49268 141 142 50295 1123 1114 1105 1105 1106 1105 1105 1105 1106 1105 49268 0 56 3074 3075 151 138 0 141 142 50295 1123 1111 1114 1106 4098 4099 1105
1042 1046 1042 1084 0 3074 3075 0 1090 1031 1084 0 0 0 0 0 0 0 0 53 54 53 54 0 0 0 0 151 138 1090 1082 45 1112 1105 1105 1124 1120 1082 45 1107 1074 1073 1073 1073 1110 1111 1112 1106 1108 1105 1106 1106 1108 1105 1106 1108 1124 1120 1030 1082 1120 3074 3075 1107
1099 1031 1030 1084 0 3074 3075 0 1086 1042 1084 0 0 0 0 0 0 0 0 18514 18513 18514 18516 0 0 0 1108 1105 1106 1042 1031 1031 58 49 49 1120 1042 7 6 6 1093 1030 7 6 7 1030 1082 45 1107 1074 1082 45 1107 1074 1082 45 1120 1042 1030 1042 1089 3074 3075 1086
1042 1046 1042 1089 0 3074 3075 0 1090 1119 1089 0 0 0 0 0 0 0 0 1069 5 1110 1111 0 0 0 1069 1107 1074 1031 5 22 11 28 17 1118 22 11 14 17 5 22 11 14 17 18 6 6 7 7 6 7 7 6 6 7 18 1031 1030 1031 60 3074 3075 1090
1030 21 8 14 0 3074 3075 0 1086 1030 1089 0 0 0 0 0 0 0 0 12 15 12 12 0 0 0 1090 1030 1119 1084 15 14 0 0 0 61 14 0 26 0 15 14 0 26 0 14 62 63 64 6 7 6 7 6 6 7 18 22 18 22 65 3074 3075 1086
1089 30 23 26 0 3074 3075 0 1086 1093 1084 0 0 0 0 0 0 0 0 24 55 24 24 0 0 0 1086 1042 1046 1084 55 26 0 0 0 27 26 0 0 0 55 26 0 0 0 26 66 67 68 18 22 18 22 18 18 6 6 7 69 7 60 3074 3075 1090
1084 0 31 0 0 3074 3075 0 1090 1031 1084 53 54 53 54 0 0 0 0 0 32 0 0 0 0 0 1090 1030 1031 1089 32 0 0 0 0 32 0 0 0 0 32 0 0 0 0 50294 1088 1046 1030 1118 1030 1031 1046 1087 1088 51295 52230 22 63 64 65 3074 3075 1086
1089 0 35 0 0 3074 3075 0 1086 1046 1084 18516 18513 18514 18514 0 0 0 0 0 152 0 0 0 0 0 1086 1042 1093 1089 36 0 0 0 0 36 0 0 0 0 125 126 0 0 50294 1123 1092 1031 1042 1046 1042 1046 1030 1091 1092 1103 1125 1121 1091 1092 1126 3074 3075 1090
1084 0 56 0 0 3074 3075 0 1090 1030 1089 1069 5 1110 1111 0 0 0 0 0 0 0 53 54 53 54 1090 1087 1088 1089 0 0 0 0 0 0 0 0 0 0 128 129 0 0 1127 1128 1042 1042 1030 1031 1087 1088 1031 1030 1102 1104 1104 1120 1042 1046 1122 3074 3075 1090
1089 151 138 0 0 3074 3075 0 1086 1030 1089 30 15 30 12 0 0 0 0 0 0 0 18516 18513 18514 18514 1042 1091 1092 1102 1105 49268 0 40 41 42 0 0 0 0 130 131 0 0 0 1129 1042 1099 1042 1046 1091 1092 1046 1103 1104 1104 1120 1099 1031 1031 1110 3074 3075 1086
70 1106 1108 1106 0 3074 3075 0 1086 1042 1084 0 55 0 24 0 0 0 0 0 0 0 1069 5 1110 1111 18 1030 1031 1082 1120 1112 49269 137 46 47 139 140 154 154 141 142 149 149 1130 1131 1030 1031 1093 1031 1030 1031 1102 1104 1104 1107 1031 1042 1046 1046 1084 3074 3075 1086
71 1073 1082 1122 0 3074 3075 0 1090 1031 1084 0 32 0 0 0 0 0 0 0 0 0 12 15 12 5 14 1086 1099 1042 1046 1082 1114 1105 1108 1106 4098 4099 1105 1106 1106 1105 1106 1108 1106 1106 1087 1088 1042 1046 1042 22 5 1107 1120 18 1046 1030 1030 1031 1089 3074 3075 1121
1030 1093 59 1082 0 3074 3075 0 1086 1046 1084 0 152 0 0 0 0 0 0 0 0 0 24 55 24 15 26 1090 1030 1031 1093 1031 1095 1073 1110 1111 3074 3075 45 1107 1074 1073 1074 1074 1120 1093 1091 1092 7 4 22 11 15 28 13 17 5 19 4 22 1084 3074 3075 1120
1042 1046 1042 1089 0 3074 3075 0 1090 1099 1089 0 0 0 0 0 0 0 0 0 0 0 0 32 0 55 0 1086 1042 1031 1042 22 18 1119 18 8 3074 3075 4 18 5 20 4 18 20 18 1046 19 11 13 14 0 55 0 25 0 15 28 13 17 4 3074 3075 1086
1030 1031 1030 1084 0 3074 3075 0 1086 1042 1084 0 0 0 0 0 0 0 0 0 0 0 0 0 0 32 0 1132 1042 22 4 11 12 13 12 23 3074 3075 13 12 15 29 13 12 29 12 5 28 0 25 26 0 32 0 0 0 55 0 25 0 13 3074 3075 1090
1087 1088 1119 1084 0 3074 3075 0 1090 1031 1084 0 0 0 0 0 0 0 0 50294 1105 1108 1105 49269 54396 53370 1108 72 8 14 13 0 24 155 24 31 3074 3075 25 24 55 0 25 24 0 24 15 0 0 0 0 0 36 0 0 0 32 0 0 0 25 3074 3075 1086
1091 1092 1042 70 1105 3074 3075 1105 73 1046 1084 138 138 138 138 139 140 138 50294 1123 1096 1110 1111 1114 1113 1117 72 14 23 26 25 0 0 0 0 35 3074 3075 0 0 32 125 126 0 0 0 55 0 0 0 0 0 0 0 0 0 0 0 0 0 0 3074 3075 1090
1030 1031 1030 71 1111 3074 3075 45 74 1042 70 1108 1105 1106 1105 4098 4099 1106 1123 1120 1030 1030 1031 1082 72 48 14 26 31 0 0 50294 1105 1106 1105 1108 1105 1106 49268 0 0 156 157 0 0 0 32 0 0 0 0 0 0 0 0 0 0 0 0 0 0 3074 3075 1086
8 22 4 22 11 3074 3075 17 8 1046 4 1110 1111 48 8 3074 3075 1115 1120 18 21 22 18 8 11 14 26 0 35 0 50294 1123 1069 1107 1073 45 1110 1111 1112 49269 0 158 159 0 0 0 0 0 0 0 0 0 0 0 0 0 0 0 0 0 0 3074 3075 1090
23 14 13 14 0 3074 3075 0 23 14 13 14 12 14 23 3074 3075 20 4 14 30 16 12 23 0 26 0 0 138 50295 1123 1120 1031 1030 1099 1030 1031 1030 1082 1114 49269 160 161 0 0 0 0 0 138 138 138 138 0 0 0 0 0 0 138 0 0 3074 3075 1086
31 26 25 26 0 3074 3075 0 31 26 25 26 24 26 31 3074 3075 29 13 26 0 0 24 31 0 0 54395 53370 1108 1124 1120 1087 1088 1042 1046 1031 1102 1132 1046 1082 1114 1105 1106 51320 52345 138 54395 53370 1106 1105 1108 1105 1106 53 54 53 54 1105 1106 51320 52345 3074 3075 1090
35 0 0 0 0 3074 3075 0 35 0 0 0 0 0 35 3074 3075 0 25 0 0 0 0 35 54395 53370 1109 1117 1096 1107 1046 1091 1092 1030 1031 1103 1104 1104 1132 1030 1110 1111 45 1133 1134 1135 1109 1117 1096 1073 1074 1082 1122 18546 18547 18546 18547 1104 1120 1133 1134 1105 1108 1030
138 138 138 138 138 3074 3075 50294 1106 1106 1105 49269 0 0 56 3074 3075 138 138 138 138 138 54396 53370 1109 1117 1096 1046 1031 1102 1132 1046 1046 1102 1104 1104 1104 1092 1046 1042 59 162 1121 163 1095 1074 1098 1030 1031 1087 1088 163 1082 18547 18546 18547 18546 1120 1031 1119 1095 1110 1111 1042
1106 1105 1106 1106 1105 1106 1106 1123 1111 1111 1111 1114 1108 1106 1105 1105 1106 1106 1108 1106 1105 1106 1113 1117 1096 1072 1042 1031 1103 1104 1104 1132 1030 1115 1107 45 1120 1030 1031 1030 162 1122 1122 164 1031 1030 1031 1042 1046 1091 1092 1042 165 18546 18547 18546 18547 1090 1031 1030 1093 1030 1031 1030
1107 1074 1107 1111 1111 1110 1111 1120 1030 1030 1030 1082 1096 1107 1096 1107 1096 1107 1096 1107 1096 1107 1096 1072 1031 1031 1030 1102 1104 1104 1104 1107 1042 1042 1046 1042 1046 1042 1046 1102 1104 1104 1122 1122 1122 1121 1093 1030 1031 1030 1031 1030 165 18547 18546 18547 18546 1086 1046 1042 1046 1042 1046 1042
1119 1031 1030 1031 1103 1136 1121 1046 1031 1102 1132 1046 1042 1031 1042 1042 1030 1031 1119 1042 1042 1042 1087 1088 1030 1046 1093 1115 1107 45 1120 1042 1031 1030 1031 1030 1031 1119 1031 1115 1107 45 1082 1122 1122 1122 1121 1042 1046 1099 1046 1042 166 18546 18547 18546 18547 1121 1087 1088 1031 1030 1031 1093
1042 1046 1042 1102 1137 1137 1137 1031 1103 1104 1104 1132 1042 1046 1031 1102 1132 1046 1042 1042 1042 1046 1091 1092 1030 1042 1046 1030 1042 1046 1042 1042 1046 1042 1046 1042 1046 1042 1046 1042 1046 1030 1031 1082 1111 1110 48 1030 1031 1030 1031 1030 1102 18547 18546 18547 18546 1120 1091 1092 1046 1042 1046 1042
