80 32
0 0 0 0 0 0 0 0 0 0 0 0 0 0 0 0 0 0 0 0 0 193 6 0 0 0 0 0 0 0 0 0 0 0 7 0 0 0 0 0 0 0 0 0 0 0 0 0 0 0 0 0 0 0 0 0 0 0 0 0 0 0 0 0 0 0 0 0 0 0 0 0 0 0 0 0 0 0 0 0
0 0 0 0 0 0 0 0 0 7 0 0 0 0 0 0 0 0 0 0 0 194 8 0 0 0 0 0 0 0 0 0 0 0 9 10 0 0 0 0 0 0 0 0 0 0 11 12 0 0 0 0 0 0 0 0 0 0 0 0 0 0 0 0 0 0 0 0 0 0 0 0 0 0 0 0 0 0 0 7
0 0 0 0 0 0 0 0 0 6 13 0 0 0 0 0 0 0 0 0 0 195 9 0 0 0 0 0 0 0 0 0 0 0 9 14 15 16 0 0 0 0 0 0 17 18 19 8 0 0 0 0 0 0 0 0 0 0 0 0 0 0 0 0 0 0 0 0 0 0 0 0 0 0 0 196 197 0 0 9
0 0 0 0 0 0 0 0 0 8 0 0 0 0 0 0 0 0 198 0 199 200 9 0 20 1140 1141 1142 4100 4101 1142 1143 51383 52410 21 22 23 24 25 26 27 28 29 30 31 32 33 8 0 0 0 196 197 0 0 0 0 0 0 0 0 0 0 0 0 0 0 0 0 0 0 0 20 1140 1141 4100 4101 51383 52410 21
0 0 0 0 0 0 0 0 0 9 0 0 0 0 0 0 0 0 201 202 203 204 6 0 0 0 34 35 3074 3075 35 36 0 37 1075 1144 1145 1146 1147 1148 1149 1150 1151 1152 1153 1154 1155 1033 1156 1157 1142 4100 4101 1158 38 0 0 0 0 0 0 0 0 1032 1033 1033 0 0 0 0 7 0 0 0 34 3074 3075 0 37 5171
0 0 0 0 0 0 0 0 0 9 0 0 0 0 0 0 0 0 205 206 207 208 8 0 0 0 0 0 3074 3075 0 0 0 0 9 209 0 0 0 0 0 0 0 0 0 0 0 8 39 40 35 3074 3075 0 0 0 0 7 0 0 0 0 0 41 42 43 0 0 0 44 9 0 0 0 0 3074 3075 0 44 1033
0 0 20 1159 1160 1142 1143 51384 52410 21 0 0 0 0 0 20 1159 1160 1142 1143 51384 52410 21 0 0 0 0 0 3074 3075 0 0 0 0 9 210 0 0 0 0 0 0 0 0 0 0 0 9 13 0 0 3074 3075 0 0 0 193 9 13 0 0 0 0 45 46 47 0 0 0 0 9 209 0 0 0 3074 3075 0 0 1033
0 0 0 0 34 35 36 0 37 5171 0 0 0 0 0 0 0 34 35 36 0 37 5171 0 0 0 0 0 3074 3075 0 0 0 0 6 211 0 0 0 0 0 0 0 0 0 0 0 9 0 0 0 3074 3075 0 0 0 194 9 209 0 0 0 0 48 49 50 0 0 0 193 9 210 0 0 0 3074 3075 0 0 1032
0 0 0 0 0 0 0 0 0 51 0 0 0 0 0 0 0 0 0 0 0 0 6 0 0 0 0 0 3074 3075 0 0 0 0 8 212 213 0 214 0 0 0 0 0 0 0 0 9 0 0 0 3074 3075 0 0 0 195 6 210 0 0 0 0 52 46 53 0 0 0 194 8 211 0 20 1140 1141 1142 1157 1161 1033
0 0 0 0 0 0 0 0 44 54 54463 53436 1156 1157 1162 1163 55 0 0 0 0 0 6 0 0 0 0 0 3074 3075 0 0 0 44 9 215 216 217 218 0 0 0 0 0 0 0 0 8 0 0 0 3074 3075 198 0 199 200 8 211 0 0 0 0 56 46 57 0 0 0 195 9 212 213 0 214 34 35 40 36 1033
0 0 0 0 0 0 0 0 0 5296 58 0 39 40 59 0 0 0 0 0 0 0 6 0 0 0 0 0 3074 3075 0 0 0 0 9 219 220 221 222 0 0 0 0 0 0 0 44 8 0 0 0 3074 3075 201 202 203 204 6 212 213 0 214 0 60 49 61 198 0 199 200 9 215 216 217 218 0 0 0 0 1033
0 0 0 0 0 0 0 0 0 8 0 0 0 0 0 0 0 0 0 0 0 0 8 0 0 0 0 0 3074 3075 0 0 0 193 54 54463 53437 1156 1157 1141 1158 38 0 0 0 0 0 9 0 196 197 3074 3075 205 206 207 208 8 215 216 217 218 0 62 46 57 201 202 203 204 8 219 220 221 222 0 0 0 0 1033
0 0 0 0 0 0 0 0 0 8 13 0 0 0 0 0 0 0 0 0 0 0 9 0 0 0 0 0 3074 3075 0 0 0 194 5296 58 0 39 40 59 0 0 0 0 0 0 0 9 1140 4100 4101 1142 1157 1142 1161 51383 52410 21 219 220 221 222 0 63 46 61 205 206 207 208 54 54463 53437 1164 1165 1166 1158 38 0 1032
0 0 0 0 0 0 0 0 0 9 64 0 0 0 0 0 0 0 0 0 0 44 54 54463 53437 1156 1157 1142 1142 1157 1166 1158 38 195 9 0 0 0 0 0 0 0 223 224 225 0 0 6 13 3074 3075 35 40 35 36 0 37 5171 1164 1165 1166 1158 38 62 49 65 1140 1141 1167 1161 5296 58 0 39 40 59 0 0 0 1033
0 0 0 0 0 0 0 0 0 9 66 0 0 0 0 0 0 0 0 0 0 11 5296 58 0 39 40 35 35 40 59 0 199 200 9 0 0 0 196 197 0 0 226 227 228 0 0 8 0 3074 3075 0 0 0 0 0 44 9 39 40 59 0 0 63 46 67 0 34 35 36 9 0 0 0 0 0 0 0 0 1033
0 0 0 196 197 0 0 0 44 9 14 15 16 0 0 0 0 0 0 17 18 19 9 0 0 0 0 0 0 0 201 202 203 204 6 20 1140 1141 4100 4101 1142 1157 1157 1142 1161 51383 52410 21 0 3074 3075 0 0 0 0 0 0 9 0 0 0 0 0 56 49 57 0 0 0 0 9 13 0 0 0 0 20 1140 1141 1033
20 1159 1160 4100 4101 1142 1143 51383 52410 21 22 23 24 25 26 27 28 29 30 31 32 33 8 0 0 0 196 197 0 0 205 206 207 208 8 13 0 34 3074 3075 35 40 40 35 36 0 37 5171 1156 1157 1162 1163 38 0 0 0 0 6 0 0 0 0 0 60 46 61 0 0 0 0 9 0 0 0 0 0 0 0 34 1033
0 0 34 3074 3075 35 36 0 37 1075 1144 1145 1146 1147 1148 1149 1150 1151 1152 1153 1154 1155 1033 1140 1141 1142 4100 4101 1142 1157 1167 1161 51383 52410 21 0 0 0 3074 3075 0 0 0 0 0 0 0 9 39 40 59 0 0 0 0 0 0 8 0 0 0 0 0 62 46 57 0 0 0 0 8 0 0 0 0 0 0 196 197 1032
0 0 0 3074 3075 0 0 0 0 8 0 0 0 0 0 0 0 0 0 0 0 0 8 0 34 35 3074 3075 35 40 35 36 0 37 5171 0 0 0 3074 3075 0 0 0 0 0 0 0 9 0 0 0 0 0 0 0 0 0 9 13 0 0 0 0 63 49 57 0 0 0 0 54 54463 53437 1164 1142 1157 1142 4100 4101 1033
0 0 0 3074 3075 0 0 0 0 8 13 0 0 0 0 0 0 0 0 0 0 0 9 13 0 0 3074 3075 0 0 0 0 0 44 9 0 0 0 3074 3075 0 0 0 0 0 0 44 6 0 0 0 0 0 0 0 0 0 9 0 0 0 0 0 56 46 61 0 0 0 0 5296 58 0 39 35 40 35 3074 3075 1033
0 0 0 3074 3075 0 0 0 0 8 0 0 0 0 0 0 7 0 0 0 0 0 8 0 196 197 3074 3075 0 0 0 0 0 0 9 0 0 0 3074 3075 0 0 0 0 0 0 0 8 0 0 0 0 0 0 0 0 0 8 0 0 0 0 0 60 49 67 0 0 0 0 9 0 0 0 0 0 0 3074 3075 1033
0 0 0 3074 3075 0 0 0 0 9 0 0 0 0 0 0 8 0 0 0 0 0 8 1140 4100 4101 1142 1157 1142 1157 1167 1161 51383 52410 21 0 0 50357 1168 1168 49331 0 0 0 0 0 0 9 0 0 0 0 0 0 0 0 44 9 0 0 0 0 0 62 46 57 0 0 0 0 9 0 0 0 68 69 70 3074 3075 1033
0 0 0 3074 3075 0 0 0 0 8 71 72 73 74 75 76 8 13 0 0 0 0 8 0 3074 3075 35 40 35 40 35 36 0 37 51 0 50358 1169 1170 1171 1172 49332 229 0 0 0 0 9 13 0 0 0 0 0 0 0 0 9 0 0 0 0 0 63 46 77 0 0 0 44 9 0 0 0 78 79 0 3074 3075 1032
230 231 232 3074 3075 0 0 0 44 9 80 81 82 83 84 85 8 0 0 0 0 0 9 0 3074 3075 0 0 0 0 0 0 0 0 9 50358 1173 86 87 88 1174 1175 49332 0 0 54464 53438 1176 51385 52411 0 0 0 0 0 54464 53438 1176 1176 1177 1178 0 0 89 49 77 0 0 0 0 8 0 0 20 1140 1141 1157 1142 1161 1033
233 234 0 3074 3075 0 0 0 0 8 0 0 0 0 0 0 9 0 0 0 0 0 8 0 3074 3075 0 0 0 0 0 0 1179 1168 1168 1173 86 90 91 0 1180 1181 1175 49332 50357 1182 1183 1110 1184 1185 51385 52411 0 0 50357 1182 1183 1186 1187 1186 1188 0 0 89 46 92 0 1179 1177 1177 1177 49332 0 0 0 34 40 35 36 1032
1177 1176 1177 1177 1176 49332 0 0 0 8 0 0 0 0 0 44 8 0 0 0 0 44 9 0 3074 3075 0 0 0 0 0 0 93 94 95 86 96 97 98 99 100 1119 1181 1175 1169 1110 1120 87 88 1174 1184 1185 1177 1176 1169 1110 1120 1120 1119 1121 1189 0 0 101 46 102 0 1190 1190 1187 1186 1175 49331 0 0 0 0 235 236 1033
1187 1186 1187 1187 1186 1175 1177 49332 237 8 0 0 0 0 0 0 9 0 0 0 0 0 8 0 3074 3075 0 0 0 0 0 0 0 93 103 103 103 104 1120 1121 1121 1120 1121 1181 1121 1121 1120 91 0 1180 1121 1181 1187 1186 1121 1121 1119 1119 1121 1191 0 0 0 105 49 102 0 1192 1119 1121 1121 1181 1172 49331 0 0 0 0 0 1033
87 88 1174 1193 1194 1181 1181 1175 49331 9 50357 1176 49332 0 0 0 8 0 0 0 0 0 8 0 3074 3075 0 0 54464 53438 49332 0 0 0 0 237 237 93 32864 32864 32865 1121 1119 1119 1121 1121 1121 98 99 100 1119 1121 1121 1121 1120 1121 1120 1120 1120 1191 106 107 107 108 109 110 106 107 1195 87 88 1174 1181 1172 1177 1177 1176 1177 1177 1176
91 0 1180 1121 1119 1194 1196 1181 1172 1176 1169 1186 1175 1177 51385 52411 8 0 111 112 113 0 8 0 3074 3075 54464 53438 1182 1183 1175 49331 0 0 0 0 237 0 32939 32865 32863 1121 1121 1194 1120 1121 1121 1121 1120 1120 1121 1121 1120 1120 1121 1120 1121 1121 1194 1197 16561 16562 16562 16561 16562 16561 16561 16562 1198 91 0 1180 1120 1181 1186 1187 1186 1187 1187 1186
98 99 100 1120 1121 1120 1121 1120 1186 1187 87 88 1174 1187 1184 1185 1177 49332 0 114 115 0 9 50357 1176 1177 1182 1183 1110 1196 1181 1172 49332 0 0 0 0 0 32939 32865 32865 1121 1121 1121 1121 1119 1121 1121 1121 1194 1121 1121 1121 1194 1120 1121 1121 1194 1120 1191 16561 16562 16562 16561 16562 16561 16561 16562 1195 98 99 100 1194 1120 1119 1120 1121 1194 1121 1119
1121 1121 1120 1121 1121 1120 1121 1120 1121 1121 91 0 1180 1196 1181 1199 1187 1175 1176 1177 1176 1177 1176 1169 1186 1187 1194 1196 1119 1121 1121 1181 1175 51385 52411 0 50357 1168 1194 1121 1121 1120 1121 1120 1121 1121 1120 1120 1121 1120 1120 1121 1121 1120 1121 1121 1120 1120 1121 1197 16561 16562 16562 16561 16562 16561 16561 16562 1198 1120 1120 1121 1119 1194 1120 1120 1120 1121 1121 1120
1119 1121 1120 1121 1121 1120 1121 1121 1119 1121 98 99 100 1119 1181 1121 1181 1181 1186 1187 1186 1187 1186 1110 1120 1121 1121 1121 1194 1120 1121 1120 1181 1184 1185 1176 1169 94 1194 1120 1121 1121 1119 1120 1121 1121 1121 1194 1120 1121 1194 1120 1121 1121 1119 1120 1121 1194 1120 1191 16561 16562 16562 16561 16562 16561 16561 16562 1195 1121 1194 1120 1121 1121 1121 1121 1119 1120 1121 1121
