64 32
4 4 1086 1028 4 4 5 6 5 4 1052 1028 1087 1028 1052 1028 1052 124 1052 1028 1052 1028 1052 1028 1052 1028 1052 1028 1052 1028 1052 1028 1052 1038 1052 1052 1028 1052 1038 1052 1052 1028 1029 1060 1052 1028 1052 1028 1052 1029 1029 1029 1030 1052 1088 1052 1028 1052 1030 1052 1028 1052 1028 1052
7 8 9 6 10 11 12 13 7 8 9 14 1029 1038 1029 1038 1077 125 126 1038 1029 1089 1090 1038 1087 1038 1029 1038 1029 1038 1029 1038 1038 1088 1052 1038 1038 1029 1038 1029 1030 1038 1088 1038 1030 1028 1052 6 15 12 13 12 13 8 14 10 11 0 13 16 17 1029 18 1029
19 0 20 13 127 128 0 0 19 0 20 8 9 4 1028 1028 1091 129 1092 1028 1052 1093 1094 1028 1052 1028 1052 1028 1052 1077 1095 1028 1028 1052 1089 1090 1029 1038 1089 1090 1038 1028 1052 1052 32881 32882 12 13 0 130 131 132 0 0 32881 0 0 0 0 21 22 4 1028 1052
0 0 23 0 133 134 0 0 0 0 23 0 20 8 6 14 1028 1096 1080 1038 1029 14 5 1038 1029 1038 1088 1038 1029 1072 1080 1038 1029 1029 1093 1094 1052 1038 1093 1094 1052 1028 1029 1060 32882 1097 1098 0 0 135 136 137 0 0 32882 0 0 0 0 0 24 16 25 1029
0 0 26 0 138 139 0 0 0 0 26 0 23 0 13 8 1028 1052 1052 27 9 7 8 4 28 1028 1052 1028 1077 1080 1052 1089 1090 1029 1038 1029 1038 1038 1029 1029 1030 1028 1030 1028 32881 1099 0 0 0 140 141 142 0 0 32881 0 0 0 0 0 0 21 29 1100
30 143 30 30 144 145 0 0 0 0 31 0 26 0 0 0 1100 1029 5 7 20 19 0 32 33 9 5 1038 1029 1038 1029 1093 1094 1038 1088 1052 1089 1090 1029 1038 1038 1089 1090 1038 32882 1101 1102 30 30 143 146 147 148 0 32882 0 0 0 0 0 0 0 34 1103
1104 1105 1104 1106 1104 51319 52344 0 0 0 0 0 31 0 0 0 1100 28 15 19 23 0 0 0 0 20 16 1060 1052 1028 1052 1028 1052 1028 1052 1029 1093 1094 1052 1038 1088 1093 1094 1052 32881 32882 1105 1104 1106 1105 1104 4098 4099 1105 1106 0 0 0 0 1105 49267 0 35 1100
1107 1091 1108 1109 1076 1110 1111 49268 0 0 0 0 0 0 50293 1106 1112 7 0 0 26 0 0 0 0 23 21 1067 8 4 36 27 9 5 36 5 36 5 36 1028 1052 1038 1089 1090 1038 1107 1076 1107 1076 1078 1113 3074 3075 1072 1080 37 38 37 38 1108 1114 0 39 1095
1038 1029 1038 1029 1038 1052 1078 1114 49267 147 148 0 54394 53369 1115 1080 1077 19 0 40 41 42 0 0 0 26 0 0 0 32 43 12 20 7 43 12 43 7 43 8 28 1052 1093 1094 1052 1052 1033 1084 1052 1116 1078 3074 3075 1080 1081 18543 18544 18543 18544 1117 1108 0 0 1080
1028 1052 1028 124 1028 1052 1052 1118 1114 4098 4099 1105 1119 1120 1121 1052 1078 1105 49267 149 44 45 150 147 148 30 0 1122 0 0 0 0 23 19 0 0 0 19 0 0 16 9 28 1028 1081 15 20 46 7 8 28 3074 3075 1100 1081 1109 1076 1107 1074 7 46 0 0 1103
1038 1029 1038 1029 1038 1029 1038 1052 1118 3074 3075 1109 1076 1123 1028 1052 1028 1091 1114 1104 1105 1104 1105 4098 4099 1105 1105 1105 0 0 0 0 26 0 0 0 0 0 0 0 21 20 8 28 1082 0 23 47 19 0 7 3074 3075 1029 1052 1077 1073 1029 1124 19 47 0 0 1100
1028 1052 1028 1052 1092 1095 1028 1052 1082 3074 3075 1100 1052 1089 1090 1052 1029 1029 1082 1107 1125 1091 1108 3074 3075 1109 1109 1109 0 0 0 0 31 0 0 0 0 0 0 0 0 23 0 1100 1082 0 26 0 0 0 19 3074 3075 1052 1092 1072 48 49 50 0 0 50293 1126 1095
1038 1029 1087 1092 1072 1080 1038 1029 1077 3074 3075 1103 1029 1093 1094 1029 1088 1052 1028 1052 1028 4 15 3074 3075 8 51 51 0 0 0 0 0 0 0 0 0 0 0 0 0 26 0 1100 28 1106 49268 147 148 30 149 3074 3075 1077 1072 1072 48 52 53 0 0 1115 1109 1080
1028 1052 1028 1078 1076 1029 4 28 54 3074 3075 1095 1052 1087 1028 1052 1038 1029 1038 5 36 15 0 3074 3075 0 55 16 0 0 0 0 0 0 0 0 0 0 0 0 0 31 0 20 8 1127 1128 4098 4099 1104 1106 1104 1105 1127 1076 1109 56 14 54 0 0 1109 1129 1100
1089 1090 1038 1029 1038 1088 14 5 57 3074 3075 1080 1029 1038 1038 5 5 6 9 7 43 0 0 3074 3075 0 0 21 0 0 0 0 0 0 0 0 0 0 0 0 0 0 0 23 0 33 54 3074 3075 1109 1076 1107 1125 1028 1089 1090 1038 1088 1124 0 0 22 16 1103
1093 1094 1028 1052 1028 1052 1028 1052 1082 3074 3075 1100 1028 1052 14 7 12 13 20 19 0 0 0 3074 3075 0 0 0 0 0 0 0 0 0 0 0 0 0 0 0 0 0 0 26 0 0 7 3074 3075 4 1028 1052 1038 1029 1093 1094 1028 1052 1074 0 0 24 21 1100
1038 1029 1038 1029 1038 1029 27 9 7 3074 3075 1103 14 5 7 19 0 0 23 0 0 0 0 3074 3075 0 0 0 0 0 0 0 0 0 0 0 0 50293 1106 49267 0 0 0 31 0 0 19 3074 3075 16 14 1029 1028 1089 1090 1052 1052 28 1052 147 148 30 149 1103
1028 18 1028 1052 1028 28 15 20 19 3074 3075 9 10 11 19 0 0 0 26 0 0 54395 53369 1105 1104 51319 52344 150 150 0 0 0 0 0 0 54394 53369 1115 1108 1114 49267 0 0 0 0 0 0 3074 3075 21 16 1103 1038 1093 1094 1029 1029 1038 1029 4098 4099 1105 1105 1103
1038 5 36 5 14 7 0 23 0 3074 3075 20 0 0 0 0 50293 51319 52344 0 50294 1130 1120 1125 1107 1110 1111 1106 1104 37 38 38 38 1131 1132 1119 1120 1121 1052 1118 1114 49268 0 0 0 0 0 3074 3075 0 21 1100 1038 1038 1029 1089 1090 1038 1088 3074 3075 1072 1080 1028
1081 12 43 7 32881 19 0 26 0 3074 3075 23 0 0 0 50294 1115 1110 1111 1105 1133 1129 1123 1028 1052 1127 1117 1091 1072 18543 18544 18543 18544 1113 1108 1080 1094 1028 1086 1052 1118 1128 49267 0 0 0 0 3074 3075 0 0 1103 1028 1028 1029 1093 1094 1028 1052 3074 3075 1080 1052 1038
1077 0 0 19 32882 0 0 31 0 3074 3075 26 0 0 50293 1133 1121 1127 1117 1108 1080 1028 1052 1038 1029 1028 1052 1028 1096 18543 18544 18543 18544 1094 1134 1028 1052 1028 1052 1052 1052 1078 1114 49268 0 0 0 3074 3075 50293 1105 1095 1038 1038 1038 1029 1029 1028 1081 3074 3075 1103 1052 1028
1078 0 0 0 32881 0 0 0 0 3074 3075 50294 1106 1105 1115 1080 1028 1028 1052 1028 1028 1038 1029 1038 1029 1038 1089 1090 1124 18544 18543 18544 18543 1100 1083 1028 1052 1028 1052 28 1052 1028 1118 1128 49267 30 50293 1105 1106 1115 1108 1080 1029 1052 1077 1073 1029 1038 1077 3074 3075 1100 1029 1038
1077 1105 49268 149 32882 30 147 148 50293 1104 1105 1133 1125 1125 1121 1038 1029 1089 1090 1028 1038 1029 1028 28 1028 1052 1093 1094 1074 18544 18543 18544 18543 1100 1089 1090 1029 1038 1029 1038 1029 1038 1029 1078 1114 1106 1115 1125 1125 1121 1028 1028 1052 1092 1072 1072 1073 1038 1078 3074 3075 1095 1052 1028
1078 1108 1128 1106 1104 1105 4098 4099 1115 1072 1108 1080 1028 1052 1038 1029 1028 1029 1052 1077 1073 1029 1038 1029 1038 1029 1029 1038 1077 18544 18543 18544 18543 1095 1093 1094 1087 1028 1052 1028 1089 1090 1052 1029 1091 1108 1121 1052 1028 1116 1038 1038 1077 1072 1072 1072 1076 14 1081 3074 3075 1080 1087 1038
1028 1052 1078 1125 1078 1072 3074 3075 1072 1080 1052 1088 5 14 5 1028 1038 1052 1092 1072 1072 1073 5 14 9 1052 1028 1052 1078 1125 1107 1125 1107 1080 1052 1028 9 14 5 1038 1093 1094 1029 1052 1028 1052 1116 1052 1028 1116 1028 1052 1127 1076 1109 1080 1038 6 58 3074 3075 1100 28 1028
1038 1029 1038 14 5 1078 3074 3075 1080 5 14 5 10 11 8 9 1038 1077 1072 1072 1072 1076 9 10 20 16 59 1028 18 1029 1029 9 14 5 60 15 20 32 33 5 1028 1029 1028 1029 28 1029 1089 1090 1038 1088 1038 1029 5 36 6 14 7 13 7 3074 3075 7 8 1100
28 1052 1082 15 7 43 3074 3075 13 12 7 12 0 0 0 20 1100 1127 1076 1109 1080 1089 20 0 23 21 16 5 1029 1029 1029 20 15 7 46 0 23 0 0 8 5 14 1086 1028 1028 1052 1093 1094 1028 1052 1028 4 7 43 13 7 19 0 19 3074 3075 19 0 1103
1038 1029 1081 0 19 0 3074 3075 0 0 19 0 0 0 0 23 1100 1029 1029 1029 1029 1082 23 0 26 0 21 8 5 1029 43 23 0 19 47 0 26 0 0 0 16 14 5 4 14 6 5 60 14 5 5 7 19 0 0 19 0 0 0 3074 3075 0 0 1100
1028 1052 1077 1105 49268 0 3074 3075 30 50293 1105 1106 49267 54395 53369 1105 1095 1052 1052 1052 1052 1081 26 0 26 0 0 0 12 43 0 26 0 0 0 0 31 0 0 0 21 8 4 10 11 13 12 46 61 43 7 19 0 0 0 0 0 0 0 3074 3075 30 149 1103
1088 1029 1078 1108 1128 1104 1106 1104 1105 1115 1072 1072 1114 1130 1120 1109 1080 1038 1089 1090 1029 1078 151 152 0 0 0 0 0 0 0 26 0 0 0 0 0 0 0 0 0 0 7 0 40 41 42 47 0 0 19 54395 53369 1104 49268 50294 1106 1105 1105 1105 1105 1106 1105 1095
1028 1089 1090 1052 1078 1109 1076 1107 1125 153 154 1127 155 1129 1123 1052 1028 1052 1093 1094 1029 1029 30 149 149 30 149 30 0 0 30 50293 1105 1104 38 38 38 38 1105 1104 49267 30 19 30 149 44 45 30 30 54394 53369 1130 1120 1109 1128 1133 1109 1109 1076 1125 1091 1108 1109 1080
1038 1093 1094 1029 1038 1029 1038 1029 1038 1029 1038 28 1038 1029 1038 1029 1038 18 1038 1029 1029 1029 1104 1105 1104 1105 1106 1105 1104 1105 1104 1115 1109 1109 18543 18544 18543 18544 1109 1108 1114 1105 1104 1105 1105 1104 1105 1106 1105 1119 1120 1129 1123 1028 1078 1080 1028 1094 1028 1052 1028 1052 1028 1038
