64 48
0 0 0 0 0 0 0 0 0 7 8 1048 1049 1048 1049 8 9 1055 1049 1048 1049 1048 1049 1048 1049 8 10 1049 1048 1049 1048 1049 1048 1033 1048 1049 1048 1049 1048 1034 1048 1033 1032 1032 1034 1049 1048 1049 1049 1062 1049 1048 1049 1119 1120 1048 1049 1048 1049 1121 1051 1051 1052 1048
0 0 0 0 0 0 0 0 0 0 11 7 10 8 12 11 13 14 15 7 8 1048 10 16 17 11 18 7 10 8 16 17 15 13 19 20 10 8 12 18 15 13 11 11 18 19 20 10 8 1055 1054 1122 1054 1123 1124 1055 1054 1055 1121 1051 1051 1052 1119 1120
0 0 0 0 0 0 0 0 0 0 21 0 18 11 0 21 0 0 22 0 11 15 18 0 0 21 23 0 18 11 0 0 22 0 0 0 18 11 0 23 22 0 21 21 23 0 0 18 11 7 8 24 25 24 25 24 25 26 27 27 28 24 1123 1124
0 0 0 0 0 0 0 0 0 0 0 0 23 21 0 0 0 0 0 0 21 22 23 0 0 0 29 0 23 21 0 0 0 0 0 0 23 21 0 29 0 0 0 0 29 0 0 23 21 170 11 19 20 8 30 31 30 32 28 33 30 31 30 1055
1125 1126 1125 1126 1125 1126 1125 1126 51366 52391 0 0 29 0 0 0 0 0 0 0 34 35 29 0 0 0 36 0 29 0 0 0 37 34 0 0 29 0 0 36 0 0 0 0 36 0 0 29 0 0 21 0 170 11 15 7 10 9 25 24 25 38 25 1048
1127 1057 1128 1129 1130 1131 1130 1131 1132 1133 49315 0 36 0 0 0 0 39 40 41 42 43 44 45 0 0 0 0 36 0 46 47 48 42 0 0 36 0 0 0 0 0 0 0 0 0 0 36 0 0 0 0 0 21 22 170 18 13 7 31 9 31 49 31
1054 1055 1054 1055 1062 1055 1054 1107 1056 1134 1135 51366 52391 0 0 0 0 50 51 0 52 53 54 55 56 57 58 59 60 61 62 63 64 52 0 0 0 54441 53416 1125 1125 49315 0 0 0 0 0 0 0 0 54441 53416 1126 1126 51366 52391 23 171 171 14 13 7 8 10
1136 1137 1049 1048 1049 1048 1049 1049 1048 1049 1090 1132 1133 1126 1125 1126 1125 1126 1125 1125 1138 1139 1140 1141 1142 1143 1144 1145 1146 1147 1148 1149 1150 1151 1125 1126 1125 1152 1153 1127 1127 1135 51366 52391 0 0 0 0 0 1151 1152 1153 1052 1056 1132 1133 29 172 172 171 171 0 11 18
1051 1089 1054 1055 1092 1033 1033 1049 1034 1054 1049 1090 1128 1130 1129 1130 1127 1057 1129 1129 1051 0 0 0 0 0 0 0 0 0 0 0 0 1127 1057 1128 1154 1128 1106 1073 1055 1090 1132 1133 49315 0 0 0 0 33 33 28 25 24 25 32 36 0 0 172 172 0 21 23
65 24 25 8 12 13 13 15 18 1033 1054 1055 1054 1055 1062 1055 1092 1034 1054 1055 1056 0 0 0 0 0 0 0 0 0 0 0 0 7 8 10 12 19 20 8 12 7 8 66 1135 51366 52391 0 0 7 8 67 16 17 32929 13 0 0 172 0 0 0 172 29
68 10 12 11 0 32929 69 22 23 13 7 68 10 7 9 8 12 18 7 10 8 0 0 0 0 0 173 0 0 0 0 174 0 0 11 18 0 0 0 11 0 0 11 70 66 1132 1133 49315 0 0 11 15 0 0 32930 0 0 0 0 0 0 0 53416 1126
12 18 0 21 0 32930 0 0 71 72 73 15 18 0 13 11 0 23 0 18 11 0 0 0 0 0 171 0 0 0 0 174 0 0 21 23 0 0 0 21 0 0 21 7 9 32 1155 1135 49316 0 21 22 0 0 32929 0 0 0 0 0 0 0 1153 1128
0 23 0 0 0 32929 0 0 74 75 76 22 23 0 0 21 0 29 0 23 21 0 0 0 0 0 172 0 0 0 0 0 0 0 0 29 0 0 0 0 0 0 0 0 13 24 25 1056 1156 1126 1157 1157 1157 1158 1158 1138 0 0 0 0 0 0 1159 1052
0 29 0 0 0 32930 0 0 77 78 79 0 29 0 0 0 0 36 0 29 0 0 0 0 0 0 0 0 0 0 0 0 0 54441 53416 1157 1157 1157 1157 51366 52391 0 0 0 0 7 8 25 1056 1154 1057 1159 1052 1056 1057 1155 0 0 0 0 0 0 1114 1026
0 36 0 0 0 32929 0 0 0 80 81 0 36 0 0 0 0 0 0 36 0 0 0 0 0 0 0 0 0 0 0 54441 53416 1152 1153 1127 1127 1129 1127 1132 1133 1157 1157 51366 52391 0 11 13 14 15 14 18 14 15 14 13 0 0 0 0 0 0 1160 1161
0 0 0 0 0 1151 1125 1125 1126 1125 51366 52391 0 0 0 0 0 0 0 0 0 0 0 0 0 0 0 0 0 0 50341 1152 1153 1130 1106 1049 1049 1049 1049 1090 1128 1128 1154 1132 1133 49315 21 0 0 22 0 23 0 22 0 0 0 0 0 0 0 0 0 1162
0 0 0 0 0 1127 1057 1128 1154 1131 1132 1133 49315 0 0 0 0 0 0 0 0 0 0 0 0 0 0 0 0 50341 1163 82 8 38 8 8 8 8 8 83 9 31 49 8 66 1135 51366 52391 0 0 0 29 0 0 0 0 0 0 0 0 0 0 1164 1165
0 0 0 0 0 1166 1062 1054 1055 1054 1055 1090 1135 51366 52391 0 0 0 0 0 0 0 0 0 0 0 0 54441 53416 1163 82 68 10 12 11 15 18 11 15 0 13 14 19 20 8 66 1132 1133 1126 1157 1157 1157 1158 1126 1126 1157 1157 1126 1126 1157 1157 1157 1158 1026
1151 1125 1138 0 0 1137 1048 1107 1048 1049 1048 1049 1090 1132 1133 1126 1125 1125 1138 0 0 0 0 1151 1125 1126 1125 1152 1153 82 31 12 18 0 21 22 23 21 22 0 84 85 86 0 11 175 66 1154 1128 1154 1127 1057 1127 1154 1128 1127 1057 1128 1128 1127 1127 1057 1128 1052
1131 1130 1129 0 0 1089 1055 1054 1055 1054 1062 1054 1049 1090 1128 1154 1131 1130 0 0 0 0 0 0 1057 1128 1154 1154 82 8 12 0 23 0 0 0 29 0 0 0 0 87 88 0 21 0 175 1054 1107 1054 1055 1054 1055 1054 1055 1054 1055 1054 1073 1054 1055 1054 1119 1120
1055 1054 1113 0 0 1114 1048 1049 1048 1049 1048 1049 1048 1049 1054 1062 1054 1167 176 176 176 176 176 176 1166 1055 1054 1055 1091 11 0 0 29 1151 1125 1138 36 0 0 1151 1125 1125 1125 1125 1138 0 0 10 24 177 175 1048 1048 1049 1048 1092 10 12 7 1032 1048 1049 1123 1124
68 10 12 0 0 1166 1055 1054 1055 1119 1120 1054 1055 1054 1055 1054 1055 1168 20640 20640 20640 20640 20640 20640 1114 1055 1094 1055 1091 21 0 0 0 1127 1130 1129 0 0 0 1127 1057 1154 1128 1130 1129 0 0 18 15 0 0 178 1055 1122 1055 177 18 0 0 11 7 10 1055 1054
12 18 0 0 0 1114 1048 1062 1048 1123 1124 1054 31 9 1032 1055 1054 1048 1049 1048 1049 1048 1049 1048 1049 1048 1049 1048 1091 1126 51366 52391 0 14 11 13 0 0 0 13 14 15 11 15 18 0 0 23 22 0 0 1114 1048 1049 1091 0 23 0 0 21 0 18 15 1166
0 23 0 1151 1138 1054 1055 1054 1055 1054 1055 1049 12 13 11 19 20 10 1054 1055 1054 1055 1054 1119 1120 1055 1054 1062 1054 1090 1132 1133 49315 0 21 0 0 0 0 0 0 22 21 22 23 0 0 29 0 0 0 1137 38 1054 1091 0 29 0 0 0 0 23 22 1114
0 29 0 1127 1057 1049 1048 1049 1048 1049 1048 8 0 32929 21 0 0 18 7 8 1049 1048 1049 1123 1124 1048 1049 1048 1032 1054 1049 1090 1135 49315 0 0 0 0 0 0 0 0 179 180 29 0 0 0 0 0 0 1089 1119 1120 1169 0 36 0 0 0 0 29 0 1166
0 0 0 1054 1055 1054 1073 1054 1055 1027 1028 11 0 32930 0 0 0 23 0 11 7 9 10 8 9 8 16 17 11 0 7 10 66 1135 1125 1138 0 0 181 1151 1125 1138 4101 4102 51366 52391 0 0 0 0 0 1114 1123 1124 1134 182 183 0 0 0 0 0 0 1137
0 0 0 7 8 1048 1049 1048 1027 1170 1171 21 0 32929 0 0 0 29 0 21 0 13 18 15 13 11 0 0 21 0 0 18 25 66 1130 1129 0 184 0 1127 1057 1129 3077 3078 1132 1133 49315 0 0 0 0 10 1048 1049 1091 0 0 0 0 0 0 0 0 1089
0 0 0 0 11 1166 1055 1054 1055 1172 0 0 0 32930 0 0 0 36 0 0 0 0 23 22 0 21 0 0 0 0 0 23 7 8 8 67 0 0 0 1114 1091 1113 3077 3078 1114 66 1135 49315 0 0 0 18 7 1054 1169 1151 1126 1158 51366 52391 0 179 180 1166
0 0 0 0 21 1137 1048 1049 1027 1173 1174 0 0 32929 0 0 0 0 0 179 180 0 29 0 0 0 0 0 0 0 0 29 0 11 25 89 0 0 0 1114 1091 1091 3077 3078 1166 1049 66 1135 49315 0 0 23 0 8 1056 1154 1154 1154 1132 1133 1138 4101 4102 1137
1125 1126 1138 0 0 1089 1062 1054 1055 1027 1028 1151 1126 1125 1125 1126 1125 1125 1138 4101 4102 1151 1125 1125 1125 1126 1125 1125 1126 51366 52391 0 0 21 7 8 0 0 0 1137 1049 1113 3077 3078 1166 38 1055 66 1135 49315 0 29 0 11 7 1055 1055 1054 1056 1130 1129 3077 3078 1089
1131 1130 1129 0 0 1114 1048 1049 1048 1049 1048 1128 1154 1130 1127 1057 1154 1130 1129 3077 3078 1127 1057 1154 1128 1154 1130 1127 1057 1132 1133 49315 0 0 0 11 0 0 0 1089 1094 1091 3077 3078 1114 1049 1119 1120 66 1135 49315 0 0 21 0 1166 1119 1120 1055 38 1113 3077 3078 1114
38 10 12 0 0 7 10 1054 1055 1062 1055 1054 1055 1054 1055 1054 1055 1054 1091 3077 3078 90 30 31 38 31 30 31 1119 1120 1090 1135 51366 52391 0 21 0 0 0 1166 1049 1113 3077 3078 1166 1054 1123 1124 1049 66 1135 49315 0 0 0 1114 1123 1124 1048 1049 1169 3077 3078 1166
8 18 0 0 0 0 18 31 1048 1049 1048 1049 1048 1049 1048 1094 1048 1049 1113 3077 3078 7 31 8 25 8 30 24 1123 1124 1049 1090 1132 1133 1125 1138 0 0 0 1114 1054 1091 3077 3078 1114 1107 1048 1049 1048 1049 66 1135 49315 179 180 1166 1055 1054 1055 1054 1134 3077 3078 1166
11 23 0 0 0 0 23 7 70 1054 1055 1054 1119 1120 1055 1054 1055 1054 1091 3077 3078 0 14 11 15 11 19 20 1054 1033 1032 1049 66 1128 1130 1129 0 0 0 1166 1091 1113 3077 3078 1166 1054 1055 1054 1055 38 1049 66 1135 4101 4102 10 8 31 8 38 89 3077 3078 1137
21 29 0 0 0 0 29 0 7 8 10 1049 1123 1124 1048 1049 1048 1049 1113 3077 3078 0 0 21 22 21 0 0 15 13 11 13 1055 1055 1054 1091 0 0 0 1114 1054 10 3077 3078 1032 1032 16 17 0 7 1114 1055 1169 3077 3078 18 11 7 10 31 12 3077 3078 1089
1125 1151 51366 52391 0 0 0 0 0 11 18 30 1055 1054 1055 1054 1055 1054 1175 1125 1125 1138 0 185 0 0 0 0 22 0 21 0 1166 1055 1054 1169 0 0 0 1166 12 18 3077 3078 1035 1035 91 72 92 0 1166 1048 1134 3077 3078 23 21 0 18 14 0 3077 3078 1114
1131 1131 1132 1133 1125 1125 51366 52391 0 21 23 7 25 1049 1049 1048 1062 1048 1056 1130 1127 1057 0 0 0 0 0 0 0 0 0 0 1114 1048 1094 1134 0 0 0 1176 0 23 3077 3078 21 21 74 75 76 0 1137 1091 1091 3077 3078 29 0 0 23 0 0 3077 3078 1166
1049 1049 1049 1128 1128 1130 1132 1133 49315 0 29 0 15 7 49 1055 1054 1055 1054 1119 1120 1113 176 176 176 176 1151 1125 1125 1125 1126 1138 1119 1120 1054 1113 0 0 0 1177 0 29 3077 3078 0 0 77 78 79 0 1089 1048 1113 3077 3078 54441 53416 1158 1126 51366 52391 3077 3078 1166
1119 1120 1054 1055 1054 1055 1054 1090 1135 49315 36 0 22 0 7 8 1049 1048 1049 1123 1124 1091 20640 20640 20640 20640 1127 1057 1154 1128 1154 1130 1123 1124 1049 1091 0 0 0 1177 0 0 3077 3078 0 179 180 80 81 0 1114 1107 1169 1151 1158 1152 1153 32930 1154 1132 1133 1126 1138 1137
1123 1124 1054 1037 1049 1094 1049 1062 1090 1135 51366 52391 170 0 0 11 7 1092 1034 1033 1055 1032 1034 1055 1055 1055 1055 1032 1054 1055 1062 1055 1054 1055 1054 10 0 0 0 1166 1151 1158 1158 1125 1125 4101 4102 1151 1158 1138 1178 1048 1056 1154 1154 1106 1048 32930 1049 1049 1090 1154 1154 1052
1048 12 14 0 7 31 9 1055 1034 1090 1132 1133 184 171 174 21 0 15 18 13 15 11 18 14 13 14 14 11 7 8 10 9 1049 8 12 18 0 0 0 1114 1056 1154 1154 1130 1129 3077 3078 1127 1057 1154 1052 1055 1032 1055 1033 1032 1054 32930 11 18 7 8 25 1094
1048 0 0 0 0 14 13 15 18 8 10 1129 0 0 0 0 0 22 23 0 22 21 23 0 0 0 0 21 0 11 18 13 15 11 0 23 0 0 0 7 10 9 31 1048 1091 3077 3078 7 8 68 10 12 11 14 13 11 15 32929 21 23 0 11 15 1048
1169 1151 49315 0 0 0 0 22 23 11 18 32929 0 0 0 0 0 0 29 0 0 0 29 84 85 86 0 0 0 21 23 0 22 21 0 29 0 0 0 0 18 13 14 1166 1113 3077 3078 0 11 0 18 0 21 0 0 21 22 32930 0 29 0 21 22 1114
1134 1159 1135 49315 0 0 0 0 29 21 23 32930 0 0 0 0 0 0 36 0 0 0 36 0 87 88 0 0 0 0 29 0 0 0 0 36 0 0 0 0 23 0 0 1114 1091 3077 3078 0 21 0 23 0 0 0 0 0 0 32930 0 36 0 0 0 1114
1048 1049 1090 1135 51366 52391 0 0 36 0 29 32929 0 186 187 188 189 189 190 0 0 50341 1125 1125 1125 1126 49315 0 0 0 36 0 0 0 0 0 0 0 0 0 29 0 0 1179 1050 3077 3078 0 0 0 29 0 0 54441 53416 1126 1158 1126 1126 1158 1126 1158 1138 1137
1050 1179 1062 1090 1132 1133 51366 52391 0 0 0 32930 191 192 193 194 195 195 196 54441 53416 1163 1127 1057 1159 1128 1135 51366 52391 192 195 196 197 50341 1125 1138 0 0 0 1151 1158 1151 1158 1127 1129 1125 1125 49315 0 0 36 54441 53416 1152 1153 1154 1154 1154 1154 1154 1154 1154 1154 1052
1051 1051 1136 1049 1056 1155 1132 1133 1126 1125 1126 1125 1125 1125 1126 1125 1126 1125 1125 1152 1153 1159 1052 1054 1094 1048 1090 1132 1133 1125 1125 1125 1125 1163 1130 1129 93 93 94 1051 1127 1106 1049 1094 1130 1154 1130 1135 1158 1126 1158 1152 1153 1180 1119 1120 1048 1049 1094 1169 1136 1137 1062 1054
1051 1051 1051 1136 1055 1054 1056 1155 1127 1057 1128 1127 1057 1128 1131 1130 1129 1131 1130 1159 1052 1054 1119 1120 1054 1055 38 66 1127 1127 1127 1127 1159 1106 1107 1049 18590 18590 18591 1052 1049 1119 1120 1054 1181 1181 1055 1056 1154 1154 1154 1089 1106 1055 1123 1124 1049 1048 1169 1051 1051 1051 1089 1048
