64 48
0 0 0 0 0 0 0 0 0 0 0 0 0 0 0 0 0 0 0 0 0 0 0 0 0 0 0 0 0 0 96 97 98 0 0 0 0 0 0 0 0 0 0 0 0 0 0 0 0 0 0 0 0 0 0 0 0 0 0 0 0 0 0 0
0 0 0 0 0 0 0 0 0 0 0 0 0 0 0 0 0 0 0 0 0 0 0 0 0 0 0 0 0 0 0 99 100 0 0 0 0 0 0 0 72 73 74 0 0 0 0 0 0 0 0 0 0 0 0 0 0 0 0 0 0 0 0 0
0 0 0 0 0 0 0 0 0 0 101 0 102 103 0 0 0 0 0 0 0 0 0 0 0 0 0 0 0 1026 1027 1028 1027 49212 0 0 0 0 0 0 75 76 77 0 0 0 0 0 0 0 0 0 0 0 0 0 0 0 0 104 105 106 0 0
0 0 0 0 0 107 0 0 0 0 50239 1027 4154 4155 1029 0 0 0 0 0 0 0 0 0 0 0 0 0 0 1030 1030 1030 1030 1031 1028 1028 1029 0 0 0 78 79 80 0 0 0 0 0 0 0 0 0 101 50240 49212 0 0 108 0 109 110 111 112 113
0 0 81 82 83 114 0 0 54342 53317 1032 1033 3124 3125 1034 0 0 0 0 0 0 0 0 0 0 0 0 0 0 48 39 39 39 39 39 39 30 0 0 0 84 85 86 0 0 0 0 115 116 117 0 0 50239 1035 1031 51266 52291 118 0 119 120 121 0 0
102 103 87 88 89 114 54342 53317 1036 1037 27 35 3126 3127 30 0 0 122 123 124 0 0 0 0 0 0 0 0 0 0 0 0 0 0 0 0 0 0 0 0 0 90 91 0 0 54342 53317 49212 125 126 54342 53317 1032 1038 1039 1040 1041 1028 1028 1027 1028 1028 1027 1028
4154 4155 1027 1027 1027 1027 1036 1037 27 46 127 0 3128 3129 0 0 0 128 129 0 102 103 0 0 0 0 0 0 0 0 0 0 0 0 0 0 0 0 50240 1028 1027 1027 1027 1027 1027 1036 1037 1031 1027 1028 1036 1037 1030 1042 1043 1044 1045 1046 1033 1046 1033 1046 1033 1046
3124 3125 1033 1033 1033 1033 130 46 127 0 0 0 3128 3129 0 0 0 0 1026 1027 4154 4155 1027 1029 0 0 0 50240 1027 1027 49212 0 0 0 0 0 50240 1027 1035 1046 1033 1046 1033 1046 1033 1047 1047 1039 1033 1046 1033 27 27 131 101 132 27 6 28 14 27 26 27 21
3126 3127 133 21 27 27 40 0 0 0 0 0 3128 3129 0 0 0 0 1048 1033 3124 3125 1033 1034 0 0 50240 1035 1038 1038 1031 1028 1028 1028 1027 1027 1035 1038 27 21 27 21 26 27 27 27 27 27 14 35 27 27 27 134 135 136 21 27 27 27 27 27 27 27
3128 3129 137 138 35 40 0 0 0 0 0 0 3128 3129 0 0 0 0 48 39 3126 3127 39 30 0 1026 1035 1038 1045 1045 1039 1046 1033 1033 1046 1046 1038 21 14 27 21 27 21 26 27 27 27 14 30 0 138 35 39 35 35 39 35 35 39 39 35 35 39 39
3128 3129 0 0 0 0 0 0 0 0 0 0 3128 3129 0 0 0 0 0 0 3128 3129 0 0 0 1048 1038 21 6 21 15 6 26 27 27 21 27 39 39 39 39 39 39 39 35 39 39 30 0 0 0 0 0 0 0 0 0 0 0 0 0 0 0 0
3128 3129 0 0 0 0 0 0 0 0 0 0 3128 3129 0 0 0 0 0 0 3128 3129 0 0 0 21 21 6 27 21 21 6 26 27 27 27 30 0 0 0 0 0 0 0 0 0 0 0 0 0 0 0 96 97 98 0 0 0 0 0 0 0 0 0
3128 3129 139 140 141 0 0 0 0 0 0 0 3128 3129 0 0 0 0 101 0 3128 3129 0 0 0 48 133 21 26 27 142 39 39 39 39 30 0 0 0 0 0 0 0 0 0 0 0 0 0 0 0 0 0 99 100 0 0 0 0 0 0 0 0 0
3128 3129 143 144 145 0 0 0 0 0 0 0 3128 3129 0 50240 1028 1027 49213 0 3128 3129 0 0 0 0 137 138 142 46 127 0 0 0 0 0 0 0 0 0 0 0 0 0 0 0 0 0 101 50240 1028 1028 1028 1028 51266 52291 50239 51266 52291 50239 1028 49213 102 103
1026 1027 1027 51266 52291 101 0 0 0 0 0 1026 1028 1027 1028 1035 1033 1033 1049 1028 1027 1029 0 0 0 0 0 0 0 0 0 0 0 0 0 0 0 0 0 0 0 0 0 108 0 0 0 0 50239 1035 1046 1046 1046 1033 1040 1041 1032 1040 1041 1032 1046 1049 4154 4155
1048 1033 1033 1040 1041 49213 0 0 0 0 0 1048 1033 1033 1046 1038 1030 1045 1039 1033 1046 1033 0 0 0 0 0 0 0 0 0 0 0 0 0 0 0 0 0 0 0 0 0 118 0 0 0 50240 1032 1038 1050 1050 1030 1051 1051 1045 1052 1051 1045 1051 1051 1039 3124 3125
18 19 20 29 1039 1049 1027 49213 0 0 0 48 35 39 39 46 127 146 138 39 35 30 0 0 0 0 0 0 0 0 0 0 0 0 0 0 0 0 0 0 0 0 50240 1027 1027 1027 1027 1035 1038 28 21 21 6 26 27 21 26 27 27 28 27 27 3126 3127
131 101 132 147 147 1039 1039 1049 49212 0 0 0 0 0 0 0 0 0 0 0 0 0 0 0 0 0 0 0 0 96 97 98 0 0 0 0 0 0 0 0 50240 1027 1035 1046 1033 1033 1046 1038 21 34 21 27 21 21 27 21 21 27 21 21 27 21 3126 3127
134 135 136 147 26 29 23 1039 1031 51266 52292 0 0 0 0 0 0 0 0 0 0 0 0 0 0 0 0 0 0 0 99 100 0 0 0 0 0 0 0 50240 1035 1038 1038 1030 45 14 28 34 27 45 21 26 27 26 21 27 35 35 39 35 35 39 3126 3127
29 147 29 29 147 26 26 29 1053 1040 1041 1027 1027 1027 49212 0 0 0 0 0 0 0 0 0 101 50240 1028 1027 1027 1027 1028 1027 1028 1027 1027 1028 1027 1028 1027 1035 1038 1045 1050 1054 32 148 39 45 27 6 21 21 27 21 27 30 0 0 0 0 0 0 3128 3129
45 45 45 28 21 21 27 21 27 29 1039 1033 1033 1033 1031 49214 0 0 0 0 0 0 0 54343 53317 1035 1046 1033 1033 1033 1046 1033 1038 1038 1033 1046 1033 1046 1033 1038 28 21 21 149 150 50 51 6 35 35 35 35 35 39 30 0 0 0 0 0 0 0 3128 3129
27 27 27 27 18 138 21 6 21 21 30 32 33 34 1039 1049 1027 49212 101 0 0 0 50240 1036 1037 1038 35 35 35 35 27 21 26 27 27 27 21 26 26 27 21 27 21 21 6 26 142 46 0 0 0 0 0 0 0 0 0 122 123 124 0 0 3128 3129
48 21 21 26 151 0 146 138 21 21 36 37 38 14 21 147 1033 1031 49213 0 0 50240 1035 1038 142 30 0 0 0 0 146 138 39 46 127 146 138 39 27 21 27 26 27 142 39 39 46 0 0 0 0 0 0 0 0 0 0 128 129 0 102 103 3128 3129
0 146 138 30 0 0 0 0 146 138 21 21 21 142 35 35 35 1055 1049 1027 1028 1035 1038 142 30 0 0 0 0 0 0 0 0 0 0 0 0 0 146 138 21 142 46 127 0 0 0 0 0 0 0 0 0 0 0 0 0 0 1026 1028 4154 4155 1028 1027
0 0 0 0 0 0 0 0 0 0 146 138 35 30 0 0 0 137 138 1033 1046 1038 46 47 0 0 0 0 0 0 0 0 0 0 0 0 0 0 0 0 146 127 0 0 0 0 0 0 0 0 0 0 0 0 0 0 0 0 1048 1033 3124 3125 1046 1033
0 0 0 0 0 0 0 0 0 0 0 0 0 0 0 0 0 0 0 48 39 30 0 0 0 0 0 0 0 0 0 0 0 0 0 0 0 0 0 0 0 0 0 0 0 0 0 0 0 0 0 0 0 0 0 0 0 0 48 35 3126 3127 133 152
0 0 0 0 0 0 0 0 0 0 0 0 0 0 0 0 0 0 0 0 0 0 0 0 0 0 0 0 0 0 0 0 0 0 0 0 0 0 0 0 0 0 0 0 0 0 0 0 0 0 0 0 0 0 0 0 0 0 0 0 3128 3129 137 138
0 0 0 0 0 0 0 0 96 97 98 0 0 0 0 0 0 0 0 0 0 0 0 0 0 0 0 0 0 0 0 0 0 0 0 0 0 0 0 0 0 0 0 0 0 0 0 0 0 0 0 0 0 0 0 0 0 0 0 0 3128 3129 0 0
0 0 0 0 0 0 0 0 0 99 100 0 0 0 0 0 0 0 0 0 0 0 0 0 0 0 0 0 0 0 0 0 0 0 0 0 0 0 0 0 0 0 0 0 0 0 0 0 0 0 0 0 0 0 0 0 0 0 0 0 3128 3129 0 0
108 153 0 0 153 153 153 0 50240 1027 1027 49212 153 153 0 0 0 0 0 0 0 0 0 0 0 0 0 0 0 0 0 0 0 0 0 0 0 0 0 0 0 0 0 0 0 0 0 0 0 0 0 0 0 0 0 0 0 102 103 50240 1028 1027 1028 1027
118 0 0 0 0 0 0 50241 1035 1046 1033 1031 51266 52292 0 0 0 0 0 0 0 0 0 0 0 0 0 0 0 0 0 0 0 0 0 0 0 0 0 0 0 0 0 0 0 0 0 0 0 0 0 0 0 0 0 50240 1027 4154 4155 1035 1033 1033 1033 1033
1027 51266 52292 102 103 54343 53317 1032 1038 1051 1045 1039 1040 1041 49212 0 0 0 0 0 0 0 0 0 0 0 0 0 0 0 0 0 0 0 0 0 0 0 0 0 0 0 0 0 0 0 0 0 0 0 0 0 0 0 50240 1035 1033 3124 3125 1038 1030 1045 1051 1030
1033 1040 1041 4154 4155 1036 1037 1038 1045 1054 1056 1057 1058 1039 1031 1029 0 0 0 0 0 0 0 0 0 0 0 0 0 0 0 0 0 0 0 0 0 0 0 0 0 0 0 0 0 0 0 0 0 72 73 74 0 1026 1035 1059 35 3126 3127 46 127 146 138 39
1050 1045 1046 3124 3125 1046 1038 1051 1045 1060 1061 1062 1038 1045 1063 1064 0 0 0 0 0 0 0 0 0 0 0 0 0 0 0 0 0 0 0 0 0 0 0 0 0 0 0 0 0 0 0 0 0 75 76 77 0 33 40 0 0 3128 3129 0 0 0 0 0
21 27 27 3126 3127 34 147 21 21 21 27 21 142 30 0 0 0 0 0 0 0 0 0 0 0 0 0 0 0 0 0 0 0 0 0 0 0 0 0 0 0 0 0 0 0 0 0 0 0 78 79 80 0 0 0 0 0 3128 3129 0 0 0 0 0
48 39 40 3128 3129 148 30 32 32 32 148 39 30 0 0 0 0 0 0 0 0 0 0 108 0 0 0 0 0 0 0 0 0 0 0 0 0 0 0 0 0 0 0 0 0 0 0 0 0 84 85 86 0 0 0 0 0 3128 3129 0 0 0 0 0
0 0 0 3128 3129 0 0 0 0 0 0 0 0 0 0 154 155 156 0 0 81 82 83 118 0 0 0 0 0 0 0 0 0 0 0 0 0 0 0 0 0 0 0 0 0 0 0 0 0 157 90 91 102 103 50240 1027 1027 1028 1027 1028 49212 0 0 0
0 0 0 3128 3129 0 0 0 0 0 0 0 0 0 0 158 159 0 0 0 87 88 89 118 0 0 0 0 0 0 0 0 0 0 0 0 0 0 0 0 0 0 0 0 0 0 0 0 0 0 1026 1028 4154 4155 1035 1046 1046 1046 1033 1046 1031 1027 1028 1027
1027 49212 0 3128 3129 50239 1028 49212 0 0 0 0 0 0 0 50239 1028 1027 1028 1027 1028 1027 1028 1029 1029 0 0 0 0 0 0 0 0 0 0 0 0 0 0 0 0 0 0 0 0 0 0 0 0 0 1048 1033 3124 3125 1038 1051 1051 1045 1051 1051 1039 1046 1046 1033
1033 1031 1028 1027 1027 1032 1046 1031 1065 51266 52291 102 103 160 50239 1032 1033 1046 1033 1046 1033 1046 1033 1046 1046 0 0 0 0 0 0 0 0 0 0 0 0 0 0 0 0 0 0 0 0 0 0 0 0 0 48 35 3126 3127 35 35 133 21 27 142 21 26 1051 1051
1066 1039 1067 1033 1046 1050 1030 1039 1039 1040 1041 4154 4155 1028 1032 1038 35 39 35 27 27 142 35 39 40 0 0 0 0 0 0 0 0 0 0 0 0 0 0 0 0 0 0 0 0 0 0 0 0 0 0 0 3128 3129 0 0 137 138 35 40 137 138 1051 1051
27 142 39 35 21 28 6 42 29 35 15 3124 3125 22 14 40 0 0 0 148 35 30 0 0 0 0 0 0 0 0 0 0 0 0 0 0 0 0 0 0 0 0 0 0 0 0 0 0 0 0 0 0 3128 3129 0 0 0 0 0 0 101 101 1068 1051
46 47 0 0 137 138 35 161 162 0 48 3126 3127 39 40 0 0 0 0 0 0 0 0 0 0 0 0 0 0 0 0 0 0 0 0 0 0 0 0 0 0 0 0 0 0 0 0 0 0 0 0 0 3128 3129 0 0 0 0 0 0 50239 1029 1051 1051
0 0 0 0 154 155 156 0 0 0 0 3128 3129 0 0 0 139 140 141 0 0 0 0 0 0 0 0 0 0 0 0 0 0 0 0 0 0 0 0 0 0 0 0 0 0 0 154 155 156 0 0 0 3128 3129 0 0 0 0 54342 53317 1032 1038 1045 1051
0 0 0 0 158 159 0 0 0 0 0 3128 3129 0 0 0 143 144 145 0 0 0 0 0 0 0 0 0 0 0 0 0 0 0 0 0 0 0 0 0 0 0 0 0 0 0 158 159 0 0 0 0 3128 3129 0 0 54342 53317 1036 1037 1030 1069 1045 1050
1027 1027 1028 1027 1028 1028 49212 0 0 0 50240 1028 1027 49212 0 50240 1028 49214 0 0 0 0 0 0 0 0 0 0 0 0 0 0 0 0 0 0 0 0 0 0 0 0 0 0 0 0 1026 1027 51266 52291 54342 53317 1028 1027 1027 1028 1036 1037 1030 1069 1050 1070 1071 1072
1033 1046 1033 1046 1033 1046 1031 51266 52292 50241 1035 1038 1046 1031 1028 1035 1046 1049 16476 16477 16478 16479 16476 16477 16478 16479 16476 16477 16478 16479 16476 16477 16478 16479 16476 16477 16478 16479 16476 16477 16478 16479 16476 16477 16478 16479 1046 1033 1040 1041 1036 1037 1046 1046 1033 1046 1030 1069 1050 1051 1050 1073 1074 1075
1066 1051 1051 1051 1051 1051 1051 1040 1041 1032 1038 1051 1051 1051 1051 1045 1051 1051 16478 16479 16476 16477 16478 16479 16476 16477 16478 16479 16476 16477 16478 16479 16476 16477 16478 16479 16476 16477 16478 16479 16476 16477 16478 16479 16476 16477 1051 1051 1055 1047 1030 1069 1051 1051 1045 1051 1045 1051 1051 1051 1051 1051 1051 1051
