64 48
0 0 0 0 0 0 0 0 0 0 0 0 0 0 0 0 0 0 0 0 0 0 0 0 0 0 0 0 0 0 0 0 0 0 0 0 0 0 0 0 0 0 0 0 0 0 0 0 0 0 0 0 0 0 0 0 0 0 0 0 0 0 0 0
0 0 0 0 0 0 0 0 0 0 0 0 0 0 0 0 0 0 0 0 0 0 0 0 0 0 0 0 0 0 0 0 0 0 0 0 0 0 0 0 0 0 0 0 0 0 0 0 0 0 0 0 0 0 0 0 0 0 0 0 0 0 0 0
0 0 0 0 0 0 0 0 0 0 127 128 129 130 131 0 0 0 0 0 0 0 0 0 0 0 0 0 0 0 0 0 127 130 131 132 132 132 129 0 0 0 0 0 0 0 0 0 0 0 0 0 0 0 0 0 0 0 0 0 0 0 0 0
0 0 130 131 127 132 128 128 129 50295 1088 1089 1088 4107 4108 1088 0 0 0 0 0 0 0 0 0 0 0 0 0 0 0 0 1090 4107 4108 1088 1089 1088 1091 1088 0 0 0 0 0 0 0 0 0 0 0 0 0 0 0 0 0 0 0 0 0 0 0 0
0 1089 4107 4108 1091 1091 1089 1091 1088 1092 1093 1094 1094 3083 3084 1094 0 0 0 0 0 0 0 0 0 0 0 0 0 0 0 0 1095 3083 3084 1093 1093 1093 1096 1094 0 0 0 0 0 0 0 0 0 0 0 0 0 0 0 0 0 0 0 0 0 0 0 0
0 1095 3083 3084 1095 1095 1097 1098 1093 1099 1050 1044 1077 3083 3084 16 0 0 0 0 0 0 0 0 133 134 135 0 0 0 0 0 17 3083 3084 1059 1059 1048 1100 16 0 0 0 0 0 0 0 0 0 0 0 0 0 0 0 0 0 0 0 0 0 50296 49269 127
0 17 3083 3084 1050 1059 1048 1059 18 19 20 21 22 3083 3084 0 0 0 0 0 0 0 0 0 136 0 137 0 0 0 0 0 0 3083 3084 23 24 16 25 0 0 0 0 0 0 0 0 0 0 0 0 0 0 0 0 0 0 127 132 132 50295 1101 1102 1088
0 0 3083 3084 1044 26 20 23 16 27 25 0 0 3083 3084 0 0 0 0 0 0 0 0 0 138 0 139 0 0 0 0 0 0 3083 3084 28 29 0 0 0 0 0 0 0 0 0 0 0 0 0 0 0 0 0 0 0 50296 1089 1088 1091 1092 1103 1076 1096
0 0 3083 3084 1043 16 29 28 0 30 0 0 0 3083 3084 0 0 0 0 0 0 0 0 127 140 0 141 0 0 0 127 130 131 3083 3084 31 32 0 0 0 0 0 0 0 0 0 0 0 0 0 0 0 0 0 54397 53372 1101 1095 1096 1094 1103 1050 1048 1050
0 0 3083 3084 27 0 32 31 0 33 0 0 0 3083 3084 0 0 0 0 0 0 0 50295 1089 1088 1091 1088 0 0 0 1090 4107 4108 1091 1088 0 0 0 0 0 0 0 0 50296 1088 49270 0 0 0 0 0 0 54397 53372 1104 1105 1103 1044 1050 1044 1059 1050 1106 1107
0 0 3083 3084 30 0 0 0 0 34 0 0 0 3083 3084 0 0 0 0 0 54397 53372 1092 1093 1093 1096 1094 0 0 0 1095 3083 3084 1093 1094 0 0 0 0 0 0 0 50296 1101 1094 1108 0 0 0 0 0 0 1104 1105 1103 1044 1062 1059 1048 1059 1048 1044 1109 1110
0 0 3083 3084 33 0 0 0 0 0 0 0 127 3083 3084 127 128 129 50295 1088 1104 1105 1099 1048 1059 35 16 0 0 0 17 3083 3084 1059 16 0 0 0 0 0 0 50296 1101 1103 1059 1076 0 0 0 0 0 0 1103 1044 1059 1048 1059 1048 1059 1100 1044 1059 1059 1048
0 0 3083 3084 0 0 0 0 0 0 0 0 1090 1091 1090 1111 1090 1111 1092 1095 1097 1112 1059 1048 36 16 0 0 0 0 0 3083 3084 16 0 0 0 0 0 54397 53372 1101 1103 1062 1059 1048 0 0 0 0 0 0 1113 1048 1059 1080 1050 1044 1050 1044 1044 1050 1050 1044
128 129 3083 3084 129 54398 53372 1088 0 0 0 0 1095 1096 1098 1096 1094 1095 1097 1062 37 38 37 16 39 0 0 0 0 0 0 3083 3084 0 0 0 0 0 50296 1104 1105 1103 1062 1044 1100 1044 0 0 0 0 0 0 17 40 40 40 23 35 19 35 23 24 16 1114
1091 1088 1089 1091 1088 1115 1105 1094 0 0 0 0 17 19 35 35 41 42 41 42 43 21 22 0 0 0 0 0 0 0 0 3083 3084 0 0 0 0 50296 1101 1103 1044 1059 1059 1048 1059 1106 1026 1027 51214 52239 0 0 0 0 0 0 28 29 27 29 28 29 0 1085
1098 1093 1097 1098 1093 1116 1112 16 0 0 0 0 0 27 17 44 37 38 42 29 45 0 0 0 0 0 0 0 0 0 0 3083 3084 0 0 0 50296 1101 1103 1059 1048 1078 1050 1044 1050 1109 1028 1029 1030 1031 51214 52239 0 0 0 0 31 32 30 32 31 32 0 1085
41 42 41 42 41 43 16 0 0 0 0 0 0 30 0 46 41 21 47 32 48 0 0 0 0 0 0 0 0 0 0 3083 3084 0 0 50296 1101 1103 1062 1050 1044 1059 1048 1100 1059 1048 1032 1033 1033 1034 1030 1031 1026 1027 49165 0 0 0 33 130 131 0 0 1114
37 37 37 43 16 45 0 0 0 0 0 0 0 33 0 0 49 0 0 0 50 0 0 0 0 0 0 0 0 0 127 3083 3084 54397 53372 1101 1103 1059 1048 1059 1048 1059 1048 1059 1050 1044 1059 1048 1059 1048 1059 1048 1117 1096 1102 1091 1088 1091 1088 4107 4108 1091 1091 1118
41 36 16 45 0 48 0 0 0 0 0 0 0 34 0 0 51 0 0 0 0 0 0 0 0 0 0 0 0 50295 1088 1091 1091 1104 1105 1103 1062 1050 1044 1106 1107 1050 1044 1050 1059 1048 1050 1044 1050 1044 1050 1044 1048 1059 1076 1119 1117 1096 1094 3083 3084 1095 1097 1120
16 39 0 48 0 50 0 0 0 0 0 0 0 0 0 0 0 0 0 0 0 0 0 0 0 0 0 0 50295 1092 1096 1094 1095 1103 1044 1059 1059 1048 1059 1109 1110 1059 1048 1059 1050 1079 1044 1050 1059 23 19 23 29 1085 1048 1059 1048 1059 1079 3083 3084 1085 1050 1044
0 0 0 50 0 142 0 0 0 0 0 0 0 0 0 0 0 0 0 0 0 0 0 0 130 131 54397 53372 1092 1099 1059 1048 1059 1048 1059 1050 1050 1044 1050 1050 1044 1050 1044 1050 1059 1048 1048 19 16 28 27 28 32 1085 1044 1050 1044 1050 1121 3083 3084 1085 1059 1048
0 0 0 142 0 0 0 0 0 0 0 0 0 0 0 0 0 0 0 0 0 0 0 50296 4107 4108 1104 1105 1099 1062 1050 1044 1050 1044 1050 1044 1059 1048 1059 1059 1048 1059 1080 1059 1050 1079 29 27 0 31 30 31 0 1114 1048 1106 1107 1059 52 3083 3084 1114 1100 1044
0 0 1090 49269 128 129 0 0 127 132 129 0 0 0 0 0 0 0 0 0 50295 1091 1088 1101 3083 3084 1103 1062 1059 1048 1059 1048 1059 1080 1059 1048 1050 1044 1050 1050 1044 1050 1044 1050 1059 1077 32 30 0 0 33 0 0 1122 1044 1109 1110 26 53 3083 3084 1085 54 1048
0 0 1095 1102 1123 1090 49269 50295 1088 1089 1088 0 0 0 0 0 0 0 50295 1090 1092 1124 1094 1103 3083 3084 1062 1062 1106 1107 1050 1044 1050 1044 1050 1044 1100 1048 1059 1059 1048 1059 1048 1059 1050 1079 0 33 0 0 34 0 0 12367 24 35 24 35 55 3083 3084 1085 1050 1044
0 0 19 1125 1119 1119 1102 1092 1093 1093 1094 0 0 0 0 0 0 1090 1092 1093 1099 1059 1048 1080 3083 3084 1065 1066 1109 1110 1059 1048 1059 1048 1059 1048 1059 1048 1050 1050 1044 1050 1044 54 1059 1121 0 34 0 0 0 0 0 12378 20 26 56 26 53 3083 3084 1114 1059 1048
0 0 27 1048 1061 1062 1125 1099 1065 1066 16 0 0 0 0 0 0 1093 1099 19 23 21 22 29 3083 3084 19 23 1050 1044 1050 1044 1050 1044 1050 1044 1050 1044 1059 1048 1048 1059 1048 1059 1050 1076 0 0 0 0 0 0 0 12349 24 35 24 35 55 3083 3084 1085 1050 1044
0 0 30 49 38 38 37 38 42 29 0 0 0 0 0 0 0 19 23 27 28 0 0 32 3083 3084 27 28 1126 1048 1048 1048 32877 32879 32877 1059 1059 1048 1080 1048 1059 1048 1059 1106 1107 1077 0 0 0 0 0 0 0 12378 20 26 20 26 53 3083 3084 1122 1059 1048
0 0 33 51 19 20 41 21 47 32 0 0 0 0 0 0 0 27 28 30 31 0 0 0 3083 3084 30 31 32880 32881 32877 2157 32879 32877 32879 1050 1050 1044 1050 1044 1050 1044 1050 1109 1110 1106 1091 51321 52346 0 54397 53372 1091 1118 1059 1048 1059 1048 1079 3083 3084 1103 1050 1044
0 0 0 0 27 49 49 0 0 0 0 0 0 0 0 0 0 30 31 33 0 0 0 0 3083 3084 33 0 0 32882 32879 32879 32877 32879 32877 1059 1059 1048 20 44 20 35 1048 1059 1048 1109 1098 1127 1128 1091 1104 1105 1098 1120 1050 1044 1050 1100 1077 3083 3084 1085 1080 1048
0 0 0 0 30 51 51 0 0 0 0 0 0 0 0 0 0 33 0 0 0 0 0 0 3083 3084 132 132 32883 32884 32877 32877 32879 32877 32879 1050 1050 1044 25 46 29 17 19 26 1044 1050 1044 1129 1094 1094 1094 1112 1059 1048 1059 1048 1059 1048 1079 3083 3084 1114 1050 1044
0 0 0 0 33 0 0 0 0 0 0 0 0 0 0 0 0 0 0 50295 1091 1091 1091 1091 1088 1091 1089 1091 1091 1088 1097 1059 1048 1059 1048 1059 1048 1121 0 0 32 0 27 17 57 35 1059 1059 1050 1044 1065 1066 1050 1044 1050 1044 1050 1044 1121 3083 3084 1085 1059 1048
0 0 0 0 0 0 0 0 0 0 0 0 0 0 0 0 0 0 50296 1101 1103 1093 1093 1093 1093 1124 1096 1094 1095 1097 1050 1044 1044 1106 1107 1050 1044 1076 0 0 0 0 30 0 58 46 49 57 1044 1078 1044 1048 1048 1048 19 29 1059 1050 1076 3083 3084 1114 1050 1044
0 0 0 0 0 0 0 0 0 0 0 127 132 132 129 130 131 50295 1115 1099 1059 1048 1048 1048 1059 1044 1059 1048 1059 1044 1059 1048 1059 1109 1110 1059 1048 1130 0 0 0 0 33 0 59 0 51 58 35 1059 1065 1044 1044 29 27 32 1114 1059 1077 3083 3084 1085 1059 1048
0 0 0 0 0 0 0 0 0 54398 53372 1088 1091 1088 1091 4107 4108 1092 1116 1059 1044 1106 1107 1059 1048 1048 1059 1048 1050 1044 1100 1044 1050 1044 1050 1050 1044 1079 0 0 0 0 34 0 0 0 0 59 49 43 24 24 16 32 30 0 1085 1078 1079 3083 3084 1085 1059 1048
0 0 0 0 0 0 0 0 1090 1115 1105 1093 1098 1093 1098 3083 3084 1099 1059 1048 1048 1109 1110 1050 1044 1044 1050 1044 1059 1044 1059 1048 1077 0 0 0 143 0 0 0 0 0 0 0 0 0 0 0 51 45 46 49 0 0 33 0 1122 1059 1121 3083 3084 1114 1106 1107
0 0 0 0 0 0 0 0 1093 1116 1112 1059 1077 1059 1077 3083 3084 1048 1050 1100 1059 1048 1050 1078 1050 1044 1050 1044 1050 1044 1050 1044 1077 130 131 0 0 0 0 0 0 0 0 0 0 0 0 0 0 48 0 51 0 0 0 0 1103 1050 1076 3083 3084 1085 1109 1110
0 0 0 0 0 0 0 0 23 35 19 23 29 23 29 3083 3084 1099 1059 1048 1050 1100 1059 1048 1059 1048 1059 1048 1059 1048 1059 1044 1077 4107 4108 1088 0 0 1091 1088 1091 1091 1088 1089 51321 52346 0 0 0 50 0 0 0 0 0 0 1085 1048 1077 3083 3084 1122 1050 1044
0 0 0 0 0 0 0 0 28 29 27 28 32 28 32 3083 3084 1085 1050 1044 1050 1044 1050 1044 1050 1044 1050 1044 1050 1100 1050 1044 1079 3083 3084 1131 0 0 1098 1096 1094 1095 1095 1097 1127 1128 1091 1088 49270 60 0 0 0 54397 53372 1088 1118 1050 1079 3083 3084 1103 1059 1048
0 0 0 0 0 0 0 0 31 32 30 31 0 31 0 3083 3084 19 23 29 61 1059 1059 32877 32879 32877 1059 1048 1059 1048 1059 1044 1077 3083 3084 1114 1050 1044 1050 1050 1044 1050 1059 1048 1129 1124 1098 1096 1108 1088 1088 0 0 1104 1105 1096 1120 1050 1048 3083 3084 1085 1050 1044
0 0 0 0 0 0 0 0 0 0 33 0 0 0 0 3083 3084 27 28 32 32880 32881 32877 32879 32877 32879 1059 1048 1050 1044 1050 1044 1079 3083 3084 1085 1078 1048 1059 1059 1048 1059 1048 1059 1044 1050 1044 1050 1076 1095 1094 0 0 1085 1059 1044 1050 24 29 3083 3084 1114 1059 1048
0 0 0 0 0 0 0 0 0 0 0 0 0 0 0 3083 3084 30 31 0 0 32882 32879 32877 32879 32877 1050 1044 1050 20 20 44 19 3083 3084 57 1044 1059 1050 1078 1044 1050 1044 1050 1048 1100 1048 1059 1044 1050 16 0 0 17 43 35 23 29 32 3083 3084 1085 1050 1044
0 0 0 0 0 0 0 0 0 0 0 0 0 0 0 3083 3084 33 132 132 32883 32884 32877 32879 32877 32879 1044 144 145 146 147 46 27 3083 3084 58 35 43 1050 1044 1050 1044 1050 1044 1044 1050 1044 1050 1048 1077 0 0 0 0 45 29 28 32 0 1090 1088 1113 1059 1048
0 0 0 0 0 0 0 0 0 50296 1089 1088 1088 1089 1088 1088 1091 1088 1091 1088 1091 1088 1097 1080 1059 1048 1079 148 149 149 150 0 30 3083 3084 59 49 45 1114 1059 1048 1059 1048 1059 1050 1044 1050 1044 1044 1121 0 0 0 0 62 32 31 0 0 17 23 19 23 29
0 0 0 0 0 0 0 0 50295 1101 1103 1098 1093 1103 1098 1093 1098 1093 1098 1094 1095 1097 37 1044 1050 1044 1077 151 152 153 154 0 33 3083 3084 0 51 48 1085 1050 1044 1050 1044 1050 1048 1059 1048 1059 1050 1076 0 0 0 0 50 0 0 0 0 0 28 27 28 32
0 0 0 0 0 0 54398 53372 1101 1099 1059 1048 1059 1059 1080 1059 1048 1059 1048 1059 1048 1059 1059 1048 1059 1044 1079 155 156 157 158 0 0 3083 3084 0 0 50 1085 1050 1106 1107 1048 1050 1044 1080 1044 1050 1048 1079 0 0 0 0 0 0 0 0 0 0 31 30 31 0
0 0 0 0 54398 53372 1115 1105 1103 1106 1107 1059 1106 1107 1059 1050 1044 1050 1044 1050 1044 1050 1050 1100 1050 1044 1106 1088 1091 1088 1089 51321 52347 3083 3084 0 0 60 1085 1050 1109 1110 1044 1050 1048 1050 1048 1050 1044 1050 1088 0 0 1090 1091 51321 52346 0 0 0 0 33 0 0
132 128 128 50295 1115 1105 1093 1044 1050 1109 1110 1050 1109 1110 1050 1044 1059 1050 1044 1050 1106 1107 1059 1048 1059 1044 1109 1093 1098 1093 1098 1127 1132 1091 1088 1091 1091 1088 1059 1048 1059 1048 1059 1048 1044 1050 1044 1050 1078 1109 1098 63 63 1095 1098 1127 1128 1091 1088 1091 1088 1091 1091 1088
1089 1088 1088 1092 1116 1112 1044 1078 1044 1059 1050 1100 1059 1050 1044 1078 1050 1059 1059 1048 1109 1110 1050 1044 1050 1044 1060 20 1060 1044 1060 1129 1124 1098 1096 1094 1095 1095 1120 1044 1050 1044 1050 1044 1059 1048 1059 1048 1044 1050 1050 18542 18542 1048 1050 1129 1124 1095 1097 1098 1093 1098 1093 1098
