108 16
0 0 0 0 0 0 0 0 0 0 0 0 0 0 0 0 0 0 0 0 0 0 0 0 0 0 0 0 0 0 0 0 0 0 0 0 0 0 0 0 0 0 0 0 0 0 0 0 0 0 0 0 0 0 0 0 0 0 0 0 0 177 178 179 180 0 0 0 0 0 0 0 0 0 50265 1032 1033 1032 1032 1033 1032 1034 1032 1033 1032 1033 1034 1033 1034 1035 1036 1037 1035 1034 1036 1037 1035 1034 1036 1037 1035 1034 1036 1037 1035 1034 1035 1034
0 0 0 0 0 0 0 0 0 0 0 0 0 0 0 0 0 0 0 0 0 0 0 0 0 0 0 0 0 0 79 181 182 83 0 0 0 0 0 0 0 0 0 0 0 0 0 0 0 0 0 0 0 0 0 0 0 0 0 0 0 183 184 185 186 0 0 0 0 0 0 0 0 50265 1032 1033 20 1033 1038 1032 1033 1032 1033 1034 1033 1032 1034 1032 1038 1039 1040 1041 1039 1038 1040 1041 1039 1038 1040 1041 1039 1038 1040 1041 1039 1038 1039 1038
0 0 0 0 0 0 0 0 0 0 0 0 0 0 0 0 0 0 0 0 0 0 0 0 0 0 0 0 0 0 81 4163 4164 82 0 0 0 0 0 0 0 0 0 0 0 0 0 0 0 0 0 0 0 0 0 0 0 0 0 0 0 187 4165 4166 188 0 0 0 0 0 0 0 50265 1033 1033 1042 1043 1034 1044 1042 1043 1033 1032 1042 1043 1033 1032 1035 1045 1046 1047 1048 1049 1050 1034 1046 1047 1048 1033 1046 1047 1048 1033 1046 1047 1048 1049 1045
0 0 0 0 0 0 0 0 0 0 0 0 0 0 0 0 0 0 0 0 0 0 79 181 182 83 0 0 0 0 85 3115 3116 86 79 181 182 83 0 0 0 0 0 0 0 0 0 0 0 0 0 0 0 0 0 0 0 0 0 0 0 189 3117 3118 190 0 0 0 0 0 0 50265 1035 1034 1035 1036 1037 1035 1034 1036 1037 1035 1034 1036 1037 1035 1034 1039 1051 191 76 192 12364 193 1032 27 191 194 195 196 197 198 195 196 197 198 193 1052
0 0 0 0 0 0 0 0 0 0 0 0 0 0 0 0 0 0 0 0 0 0 81 4163 4164 82 0 0 0 0 87 3119 3120 199 81 4163 4164 82 0 0 0 0 0 0 0 0 0 0 0 0 0 0 0 0 0 0 0 0 0 0 0 0 3121 3122 0 0 0 0 0 0 50265 1033 1039 1038 1039 1040 1041 1039 1038 1040 1041 1039 1038 1040 1041 1039 1033 1053 1054 78 78 200 12365 201 78 201 202 77 78 201 191 194 78 201 78 191 194 1052
0 0 0 0 0 0 0 0 0 0 0 0 0 0 0 0 0 0 0 0 0 0 85 3115 3116 86 0 0 0 0 0 3123 3124 0 85 3115 3116 86 0 0 0 0 0 0 0 0 0 0 0 0 0 0 0 0 0 0 0 0 0 0 0 0 3121 3122 0 0 0 0 0 50265 1032 1046 1047 1048 1049 1034 1046 1047 1048 1049 1034 1046 1047 1048 1049 1033 1033 1055 78 201 78 191 12366 78 200 78 201 191 200 78 201 78 78 78 201 200 78 1052
0 0 0 0 0 0 0 0 0 0 0 0 0 0 0 0 0 0 0 0 0 0 87 3119 3120 199 0 0 0 0 0 3123 3124 0 87 3119 3120 199 0 0 0 0 0 0 0 0 0 0 0 0 0 0 0 0 0 0 0 0 12288 0 0 0 3121 3122 0 0 0 0 0 1033 203 204 205 206 207 208 209 210 211 197 212 197 212 213 198 193 1032 1056 1057 78 200 202 12365 78 78 78 78 202 77 78 78 191 194 78 78 191 194 1052
0 0 0 0 0 0 0 0 214 0 0 0 0 0 0 0 0 0 0 0 0 0 0 3123 3124 0 0 0 0 0 0 3125 3126 91 92 3127 3128 91 93 0 0 0 0 0 215 216 217 218 0 0 0 79 219 220 221 0 0 0 12367 219 220 221 3121 3122 0 0 0 0 0 222 223 224 191 194 201 200 78 201 201 191 78 201 78 78 200 201 193 1033 1030 1030 1030 77 12366 1030 1030 1030 1030 4167 4168 1030 1030 1030 1030 1030 1030 1030 1030 1032
92 91 92 91 92 94 92 94 95 0 0 0 0 0 0 0 0 0 0 79 219 220 83 3123 3124 0 0 0 0 96 54448 53423 1126 1127 1128 1129 1126 1127 51373 52398 93 0 0 0 225 226 227 12368 0 0 0 12369 228 229 12370 0 0 0 12369 228 229 82 3121 3122 0 0 0 0 0 200 224 200 201 201 78 201 78 200 78 78 78 78 200 201 78 78 78 193 1033 1038 1058 78 78 1052 1034 1034 1058 3129 3130 1052 1033 1038 1034 1033 1034 1038 1034 1033
1126 1127 1126 1130 1131 1127 1126 1127 49321 97 0 0 79 219 220 12371 0 0 0 12369 228 229 82 3123 3124 0 0 0 98 50347 1132 1133 1134 1135 1136 1137 1134 1135 1138 1139 51373 52398 93 0 230 4169 4170 12372 0 0 0 12373 4171 4140 12374 0 0 0 12373 4171 4140 86 3121 3122 0 0 0 0 0 224 191 78 78 200 191 78 191 194 202 200 231 191 78 200 78 78 201 78 193 1059 1058 200 201 1052 1038 1038 1058 3129 3130 1052 1046 1047 1048 1049 1045 1033 1033 1032
1140 1141 1140 1141 1140 1141 1140 1141 1142 49322 99 0 81 228 229 12370 0 0 0 12373 4171 4140 86 3123 3124 0 0 96 50348 1143 1144 1145 1146 1147 1146 1147 1146 1148 1149 1150 1138 1139 51373 52398 99 3131 3132 232 0 0 0 87 3119 3120 233 0 0 0 87 3119 3120 233 3121 3122 0 50266 1030 1030 1030 1030 1030 1030 1030 1030 1030 1030 1030 1030 1030 1030 1030 1030 1030 1030 1030 49240 78 200 78 193 1058 78 78 1052 1033 1033 1058 3129 3130 195 198 234 198 213 193 1046 1047 1048
1151 1152 1151 1152 1151 1152 1151 1152 1153 1154 49321 97 85 4171 4140 12374 0 0 0 12375 3119 3120 199 3123 3124 0 98 50347 1155 1156 1147 1151 1152 1151 1152 1151 1151 1157 1158 1159 1160 1161 1138 1139 49321 3127 3126 235 0 0 0 0 3133 3134 0 0 0 0 0 3127 3135 0 3136 3137 50266 1060 1061 1034 1061 1038 1061 1034 1061 1038 1061 1034 1061 1061 1061 1038 1061 1061 1038 1061 1061 1062 49240 78 201 78 236 78 191 237 195 198 213 3129 3130 78 201 191 194 78 200 238 76 213
1147 1146 1147 1146 1147 1146 1147 1146 1162 1163 1142 49322 99 3119 3120 199 0 0 0 0 3123 3124 0 3123 3124 96 50348 1143 1164 1165 1151 1152 1147 1146 1147 1146 1146 1166 1167 1151 1168 1148 1149 1169 1142 1127 1170 100 100 101 101 101 1171 1172 101 101 100 101 101 1030 1030 1030 1030 1030 1060 1063 1064 1065 1042 1043 1064 1065 1034 1034 1064 1065 1034 1034 1064 1065 1042 1043 1064 1065 1034 1063 1062 49240 78 191 194 77 78 78 78 191 194 3129 3130 78 200 202 77 202 77 78 239 240
1151 1152 1151 1152 1151 1152 1151 1152 1147 1152 1153 1154 49321 3127 3126 0 0 0 0 0 3138 3128 0 3127 3128 50347 1155 1156 1147 1146 1147 1146 1151 1152 1151 1152 1152 1173 1174 1147 1157 1158 1149 1175 1153 1141 1176 19623 19623 19624 19624 19624 1177 1178 19624 19624 19623 19624 19624 1052 1061 1034 1061 1034 1063 1035 1061 1061 1036 1037 1061 1061 1061 1061 1061 1061 1061 1061 1061 1061 1036 1037 1061 1061 1061 1033 1063 1062 1030 1030 1030 1030 1030 1030 1030 1030 1030 1030 1030 1030 1030 1030 1030 49240 78 191 194 78
1151 1152 1151 1152 1151 1152 1151 1152 1151 1152 1162 1163 1142 1179 1170 100 101 100 101 101 1180 1126 1127 1126 1127 1132 1164 1165 1151 1152 1151 1152 1147 1146 1147 1146 1181 1182 1167 1151 1167 1151 1157 1158 1151 1152 1183 19624 19624 19623 19623 19623 1184 1183 19624 19624 19623 19624 19624 1052 1066 1038 1066 1038 1033 1039 1034 1035 1040 1041 1038 1035 1038 1035 1038 1035 1059 1035 1038 1034 1040 1041 1034 1035 1059 1033 1033 1063 1061 1034 1061 1061 1038 1034 1061 1061 1038 1034 1061 1038 1061 1034 1061 1062 1030 1030 1030 1030
1147 1146 1147 1146 1147 1146 1147 1146 1147 1146 1147 1152 1153 1141 1176 19623 19624 19623 19623 19623 1185 1140 1141 1140 1141 1144 1147 1146 1147 1146 1147 1146 1151 1152 1151 1152 1186 1187 1174 1147 1174 1147 1146 1188 1147 1146 1189 19623 19623 19624 19624 19624 1190 1189 19623 19623 19624 19623 19623 1052 1059 1033 1059 1033 1064 1065 1038 1039 1034 1034 1059 1039 1034 1039 1059 1039 1059 1039 1059 1038 1034 1034 1038 1039 1034 1044 1033 1032 1033 1042 1043 1034 1033 1042 1043 1032 1033 1042 1043 1034 1033 1042 1043 1059 1061 1061 1034 1061
