48 49
1074 1075 1076 1077 1078 1054 1075 1076 1077 1078 1054 1075 1076 1077 1078 1054 1075 1076 1077 1078 1054 1075 1076 1077 1078 1054 1075 1076 1077 1078 1054 1075 1076 1077 1078 1054 1075 1076 1077 1078 1054 1075 1076 1077 1078 1054 1075 1079
1061 0 0 0 0 0 0 0 0 0 0 0 0 0 0 0 0 0 0 0 0 0 0 0 0 0 0 0 0 0 32779 0 0 0 0 0 14 0 0 0 0 0 0 0 0 0 0 1055
1061 0 0 0 0 0 0 0 0 0 0 0 0 0 0 0 88 0 0 0 0 0 88 0 0 0 0 0 88 0 32780 0 88 0 0 0 15 0 0 0 0 0 16 0 88 0 0 1055
1061 0 0 0 0 0 0 0 0 0 0 0 0 0 0 0 89 17 0 0 18 0 89 18 18 0 17 0 89 0 32779 0 89 0 0 0 19 0 0 0 0 0 20 0 89 0 0 1055
1080 32781 32781 1080 1080 32781 32781 1080 1080 32781 32781 1080 1080 1080 1080 1080 1080 1080 1080 1080 1080 1080 1080 1080 1080 1080 1080 1080 1080 1080 1080 1080 1080 1080 1080 1080 1080 1080 1080 1080 1080 1080 1080 1080 1080 1080 1080 1080
1053 32781 32781 1053 1081 32781 32781 1053 1081 32781 32781 1081 1053 1058 1059 1060 1053 1081 1053 1058 1059 1060 1053 1058 1059 1060 1053 1081 1053 1081 1053 1058 1059 1060 1053 1081 1053 1058 1059 1060 1053 1081 1053 1058 1059 1060 1053 1081
1057 32781 32781 1057 1082 32781 32781 1057 1082 32781 32781 1082 1057 1062 1063 1064 1057 1082 1057 1062 1063 1064 1057 1062 1063 1064 1057 1082 1057 1082 1057 1062 1063 1064 1057 1082 1057 1062 1063 1064 1057 1082 1057 1062 1063 1064 1057 1082
1083 32781 32781 1083 1053 32781 32781 1083 1053 32781 32781 1053 1083 1067 1068 1069 1074 1084 1079 1067 1068 1069 1083 1067 1068 1069 1074 1084 1079 1053 1083 1067 1068 1069 1083 1053 1083 1067 1068 1069 1083 1053 1083 1067 1068 1069 1083 1053
1081 20490 20490 1054 1081 32781 32781 1053 1054 32781 32781 1054 1081 1053 1054 1053 1061 1085 1055 1053 1054 1053 1081 1054 1081 1053 1061 1070 1055 1054 1081 1053 1054 1053 1081 1054 1081 1053 1054 1053 1081 1054 1081 1053 1054 1053 1081 1054
1082 1053 1054 1053 1082 32781 32781 1054 1053 32781 32781 1054 1082 1054 1053 1054 1061 1048 1055 1054 1053 1054 1082 1054 1082 1054 1061 1048 1055 1054 1082 1054 1053 1054 1082 1054 1082 1054 1053 1054 1082 1054 1082 1054 1053 1054 1082 1054
1074 1075 1076 1084 21 0 0 0 0 0 0 22 1084 1076 1077 1078 1061 1051 1055 1077 1078 1084 1075 1076 1077 1078 1061 1051 1055 1077 1078 1084 1075 1076 1077 1078 1084 1075 1076 1077 1078 1084 1075 1076 1077 1078 1084 1079
1061 0 0 0 0 0 0 0 0 0 0 0 0 0 0 0 23 24 25 0 0 0 0 0 0 0 23 24 25 0 0 0 0 0 0 0 0 0 0 0 0 0 0 0 0 0 0 1055
1082 1086 0 0 0 1054 1054 0 0 1054 1054 0 0 0 0 0 26 27 28 0 0 0 0 0 0 0 26 27 28 0 0 0 0 0 0 0 0 0 0 0 0 0 0 0 0 0 0 1055
1087 1088 0 0 0 0 0 0 0 0 0 90 0 14 0 88 23 24 25 90 0 0 0 88 0 0 23 24 25 0 0 90 0 14 0 88 0 0 0 0 0 0 0 0 0 0 0 1055
1089 91 0 0 0 0 0 0 0 0 0 92 16 15 16 93 26 27 28 92 0 0 0 93 0 0 26 27 28 0 0 92 16 15 16 93 0 0 0 0 0 0 0 0 0 0 0 1055
1090 1091 0 17 0 0 0 0 0 18 0 94 20 19 20 89 23 24 25 94 0 0 0 89 0 18 23 24 25 0 0 94 20 19 20 89 0 0 0 0 0 0 0 0 0 0 0 1055
1080 1080 1080 1080 1080 1080 1080 1080 1080 1080 1080 1080 1080 1080 1080 1080 1080 1051 1080 1080 1080 1080 1080 1080 1080 1080 1080 1051 1080 1080 1080 1080 1080 1080 1080 1080 32781 32781 1080 32781 32781 1080 32781 32781 32781 1080 1080 1080
1081 1053 1058 1059 1060 1053 1081 1053 1058 1059 1060 1053 1081 1053 1081 1053 1061 1051 1055 1053 1058 1059 1060 1053 1081 1053 1061 1051 1055 1053 1081 1053 1058 1059 1060 1053 32781 32781 1054 32781 32781 1054 32781 32781 32781 1054 1054 1054
1082 1057 1062 1063 1064 1057 1082 1057 1062 1063 1064 1057 1082 1057 1082 1057 1092 1048 1093 1057 1062 1063 1064 1057 1082 1057 1092 1048 1093 1057 1082 1057 1062 1063 1064 1057 20490 20490 1062 20490 20490 1057 32781 32781 32781 1054 1053 1053
1053 1083 1067 1068 1069 1083 1053 1083 1067 1068 1069 1083 1053 1083 1053 1061 1094 1095 1094 1055 1067 1068 1069 1083 1053 1061 1094 1095 1094 1055 1053 1083 1067 1068 1069 1083 1081 1057 1067 1053 1053 1083 32781 32781 32781 1054 1054 1054
1054 1053 1054 1054 1053 1054 1054 1053 2078 1054 1053 1054 1054 1053 1053 1061 1096 1097 1096 1055 1053 1053 1054 1053 1053 1061 1096 1097 1096 1055 1053 1053 1054 1053 1053 1053 1082 1083 1054 1083 1057 1053 32781 32781 32781 29 1053 1053
1053 1054 1053 1053 1054 1053 1053 1054 2077 1053 1054 1053 1054 1054 1054 1054 1054 1053 1054 1054 1054 1054 1053 1054 1054 1054 1053 1053 1054 1054 1054 1054 1053 1054 1054 1054 1053 1054 1054 1053 1053 1053 32781 32781 32781 30 1054 1054
1053 1057 1054 1057 1054 1057 1053 1057 2078 1057 1054 1057 1081 1057 1081 1057 1053 1083 1054 1057 1054 1057 1053 1083 1054 1057 1054 1057 1081 1057 1081 1083 1054 1057 1081 1057 1081 1057 1053 1083 1057 21 0 0 0 31 1053 1054
1054 1083 1054 1083 1054 1083 1054 1083 2078 1083 1054 1083 1082 1083 1082 1083 1054 1057 1054 1083 1054 1083 1054 1057 1054 1083 1054 1083 1082 1083 1082 1057 1054 1083 1082 1083 1082 1083 1054 1057 21 0 0 0 50260 1054 1053 1053
1057 1053 1053 1053 1054 1053 1053 1053 2078 1053 1057 1053 1053 1053 1054 1053 1057 1053 1053 1053 1054 1053 1053 1053 1053 1054 1053 1057 1053 1053 1053 1054 1053 1057 1053 1053 1053 1054 1053 21 0 0 0 50260 1098 1053 1054 1054
1054 1075 1076 1077 1078 1054 1075 1076 2101 1078 1054 1075 1076 1077 1078 1054 1075 1076 1077 1078 1054 1075 1076 1077 1078 1054 1075 1076 1077 1078 1054 1075 1076 1077 1078 1054 1075 1076 21 0 0 0 50260 1098 1057 1054 1053 1057
1061 0 0 0 0 0 0 0 0 0 0 0 0 0 0 0 0 0 0 0 0 0 0 0 0 0 0 0 0 0 0 0 0 0 0 0 0 0 0 0 0 50260 1098 1054 1054 1054 1053 1053
1061 0 0 0 90 0 0 0 0 0 0 0 90 0 0 0 0 14 0 0 0 95 0 0 0 0 0 90 0 0 14 0 0 0 0 0 0 0 0 0 50260 1098 1057 1081 1057 1053 1054 1057
1061 0 0 0 92 0 0 0 0 0 0 16 92 0 0 0 0 15 0 0 0 96 0 0 16 0 0 92 0 16 15 16 0 0 0 0 0 0 54359 53334 1098 1054 1083 1082 1083 1054 1053 1054
1061 97 98 0 94 0 32 0 0 0 0 20 94 0 0 0 0 19 0 17 0 99 18 0 20 0 0 94 0 20 19 20 0 0 0 3 54359 53334 1099 1100 1057 1053 1054 1057 1081 1054 1053 1053
1061 4104 4105 1080 1080 1080 1080 1080 1080 11264 11264 1080 1080 11264 11264 1080 1080 1080 1080 1080 1080 1080 1080 1080 1080 1080 1080 1080 1080 1080 1080 1080 1080 1080 1080 1080 1099 1100 1057 1053 1083 1054 1083 1083 1082 1053 1054 1054
1061 3080 3081 1055 1053 1058 1059 1060 1061 0 0 1055 1061 0 0 1055 1081 1053 1081 1053 1081 1053 1081 1053 1081 1053 1058 1059 1060 1053 1081 1053 1058 1059 1060 1053 1083 1054 1083 1054 1054 1053 1053 1054 1053 1054 1053 1057
1061 3080 3081 1055 1057 1062 1063 1064 1061 20490 20490 1055 1061 20490 20490 1055 1082 1057 1082 1057 1082 1057 1082 1057 1082 1057 1062 1063 1064 1057 1082 1057 1062 1063 1064 1057 1057 1053 1074 1075 1076 1077 1078 1084 1075 1076 1077 1078
1061 3080 3081 1055 1083 1067 1068 1069 1061 1053 1053 1055 1061 1054 1053 1055 1053 1083 1084 1084 1084 1083 1053 1083 1053 1083 1067 1068 1069 1083 1053 1083 1067 1068 1069 1083 1083 1054 1061 0 0 0 0 0 0 0 0 0
1061 3080 3081 1055 1054 1053 1054 1053 1054 1053 1054 1053 1054 1053 1054 1053 1053 21 0 0 0 22 1054 1053 1053 1053 1054 1053 1053 1053 1053 1053 1054 1053 1053 1053 1054 1053 1061 0 0 0 0 0 0 0 0 0
1061 3080 3081 31 29 33 30 34 35 36 12317 29 30 29 29 29 37 0 0 0 0 0 31 29 30 29 29 30 29 29 30 29 29 12318 32798 32797 32798 32797 32805 0 0 0 90 0 88 0 0 0
1061 3080 3081 31 30 29 30 38 39 40 12330 41 41 42 41 41 42 0 0 0 0 0 42 41 41 42 41 41 41 42 41 41 41 12330 32798 32798 32798 32798 32805 0 0 0 92 0 93 0 100 101
1061 3080 3081 31 29 30 29 43 44 45 12317 29 30 29 29 29 37 0 0 0 0 0 31 29 30 29 29 30 29 29 30 29 29 12318 32798 32797 32798 32797 32805 97 98 0 94 0 89 0 0 0
1061 3080 3081 1055 1054 1057 1081 1057 1054 1074 1084 1084 1079 1054 1053 1053 1054 49235 0 0 0 50261 1054 1053 1053 1053 1081 1054 1074 1084 1084 1079 1083 1057 1054 1053 1057 1054 1061 4104 4105 1080 1080 1080 1080 1080 1080 1080
1061 3080 3081 1055 1054 1083 1054 1053 1083 1061 46 46 1055 1053 1053 1053 1081 1054 1080 1080 1080 1053 1053 1053 1053 1057 1082 1053 1061 46 46 1055 1054 1054 1083 1054 1054 1053 1061 3080 3081 47 1075 1076 1077 1078 1084 1075
1061 3080 3081 1055 1053 1057 1053 1054 1054 1061 24 24 1055 1083 1053 1057 1054 1053 1057 1082 1053 1054 1054 1054 1053 1083 1053 1083 1061 24 24 1055 1053 1053 1054 1053 1057 1054 1061 3080 3081 0 0 0 0 0 0 0
1061 3080 3081 1054 1075 1076 1077 1078 1054 1061 27 27 1055 1054 1075 1076 1077 1078 1054 1075 1076 1077 1078 1054 1075 1076 1077 1078 1061 27 27 1055 1054 1054 1075 1076 1077 1078 1061 3080 3081 0 0 0 0 0 0 0
1061 3080 3081 0 0 0 0 0 0 23 24 24 25 0 0 0 0 0 0 0 0 0 0 0 0 0 0 0 23 24 24 25 0 0 0 0 0 0 0 3080 3081 0 0 0 0 0 50260 1080
1061 3080 3081 0 0 0 0 0 0 26 27 27 28 0 0 0 0 0 0 0 0 0 0 0 0 0 0 0 26 27 27 28 0 0 0 0 0 0 0 3080 3081 0 0 0 0 0 1098 1057
1061 3080 3081 90 0 0 0 0 0 23 24 24 25 0 0 90 0 0 0 0 0 88 0 0 0 14 88 0 23 24 24 25 0 0 0 90 0 95 0 3080 3081 0 0 95 0 0 1101 1102
1061 3080 3081 92 16 0 0 0 0 26 27 27 28 0 0 92 16 0 0 0 0 93 0 0 16 15 93 0 26 27 27 28 0 0 0 92 0 96 0 3080 3081 0 16 96 0 0 91 1103
1061 3080 3081 94 20 0 0 0 0 48 24 24 49 0 17 94 20 0 0 0 0 89 0 17 20 19 89 0 48 24 24 49 0 0 17 94 0 99 0 3080 3081 0 20 99 0 0 1104 1105
1053 1080 1080 1080 1080 1080 1080 1080 1080 1080 1051 1051 1080 1080 1080 1080 1080 1080 1080 1080 1080 1080 1080 1080 1080 1080 1080 1080 1080 1051 1051 1080 1080 1080 1080 1080 1080 1080 1080 1080 1080 1080 1080 1080 1080 1080 1080 1080
1054 1053 1081 1053 1053 1081 1053 1053 1053 1092 1048 1048 1106 1053 1053 1081 1053 1053 1081 1053 1053 1081 1053 1053 1081 1053 1081 1053 1092 1048 1048 1106 1053 1053 1081 1053 1053 1081 1053 1053 1081 1053 1053 1081 1053 1053 1081 1053
