48 64
1093 1093 1093 1093 1093 1093 1085 1094 1095 1096 1097 1085 1094 1095 1096 1097 1085 1094 1095 1096 1097 1085 1094 1095 1096 1097 1085 1094 1095 1096 1097 1085 1094 1095 1096 1097 1085 1094 1095 1096 1097 1085 1093 1093 1093 1093 1093 1085
1086 1098 1099 1100 1101 0 0 0 0 0 0 0 0 0 0 0 0 0 0 0 0 0 0 0 0 0 0 0 0 0 0 0 0 0 0 0 0 0 0 0 0 13 1102 1084 1098 1099 1100 1086
1087 1103 1104 1105 1101 0 0 0 0 0 0 0 0 0 0 0 0 0 0 0 0 0 0 0 0 0 0 0 0 0 0 0 0 0 0 0 0 0 0 0 0 0 1083 1086 1103 1104 1105 1087
1084 1106 1107 1108 1101 0 0 0 0 0 0 0 0 0 0 0 0 0 0 0 0 0 0 0 0 0 0 0 0 0 0 0 0 0 0 0 0 0 0 0 95 96 1083 1087 1106 1107 1108 1084
1093 1109 1110 1110 1110 1111 1112 1112 1112 1112 0 0 1112 1112 1112 1112 0 0 0 0 0 0 0 0 0 0 0 0 0 0 0 0 0 0 0 0 0 0 1112 1112 4104 4105 1083 1085 1084 1085 1084 1085
1085 1101 14 14 14 1083 1093 1086 1084 1101 0 0 1083 1085 1084 1101 0 0 0 0 0 0 0 0 0 0 0 0 0 0 0 0 0 0 0 0 0 0 1083 1101 3080 3081 1083 1084 1085 1087 1085 1085
1084 1101 97 97 97 1083 1093 1087 1085 1101 0 0 1083 1084 1086 1101 0 0 0 0 0 0 0 0 0 0 0 0 0 0 0 0 0 0 0 0 0 0 1083 1101 3080 3081 1083 1086 1102 1086 1102 1086
1086 15 98 98 98 16 1093 1087 1084 1101 0 0 1083 1085 1087 1101 0 0 0 0 0 0 0 0 0 0 0 0 0 0 0 0 0 0 0 0 0 0 1083 1101 3080 3081 1083 1093 1093 1093 1086 1087
1101 17 97 97 97 18 1083 1084 1086 1101 0 0 1083 1084 1085 1101 0 0 0 0 0 0 0 0 0 0 0 0 0 0 0 0 0 0 0 0 0 0 1083 1101 3080 3081 1083 1093 20491 20491 1083 1084
1101 19 98 98 98 18 1083 1085 1084 1101 0 0 1083 1086 1084 1101 0 0 0 0 0 0 0 0 0 0 0 0 0 0 0 0 0 0 0 0 0 0 1083 1101 3080 3081 1083 1093 99 100 1083 1085
1101 1113 20 21 20 1113 1083 1086 1087 1101 0 0 1083 1084 1085 1101 0 0 0 0 0 0 0 0 0 0 0 0 0 0 0 0 0 0 0 0 0 0 1083 1101 3080 3081 1083 22 10 101 1083 1084
1085 23 24 23 24 23 1093 1084 1085 1101 0 0 1083 1093 1085 1101 0 0 0 0 0 0 0 0 0 0 0 0 0 0 0 0 0 0 0 0 0 0 1083 1101 0 0 0 0 10 101 1083 1085
1085 1084 1086 1084 1085 1085 1084 1085 1084 22 0 0 13 1093 1084 1085 1112 1112 1112 1112 1112 1112 1112 1112 1112 1112 1112 1112 1112 1112 1112 1112 1112 1112 1112 1112 1112 1112 1093 1101 0 0 0 0 10 101 1083 1086
1084 22 0 0 0 0 0 0 0 0 0 0 0 0 0 0 0 0 0 0 0 13 1084 1086 1084 1085 1085 1087 1085 1084 1085 1085 1086 1084 1085 1084 1085 1087 1093 1101 95 96 0 0 10 101 1083 32831
1101 102 103 104 105 0 0 0 0 0 0 0 0 0 0 0 25 0 0 0 0 0 13 1085 1094 1095 1096 1097 1085 1094 1095 1096 1097 1085 1094 1095 1096 1097 1085 22 4104 4105 1083 1101 10 101 1083 1085
1101 106 107 107 108 0 0 0 0 0 0 0 0 0 26 27 28 29 30 0 0 0 0 0 0 0 0 0 0 0 31 32 0 0 0 0 0 0 0 0 3080 3081 1083 22 10 101 1083 1085
1101 109 110 111 112 33 1112 1112 1112 1112 0 0 1112 1112 1112 1112 1112 1112 1112 1112 49245 0 0 0 0 0 0 0 113 0 34 35 0 114 0 0 0 0 0 0 3080 3081 1114 0 10 101 1083 1084
1101 115 116 117 118 36 1085 1084 1086 1084 20492 20492 1085 1084 1085 1086 1085 1087 1085 1084 1115 49245 0 0 0 0 0 0 119 37 38 39 40 120 0 0 0 0 0 0 3080 3081 1114 0 10 101 1083 32831
1112 1112 1112 1112 1112 1112 1112 1112 1112 1112 1112 1112 1112 1112 1112 1112 1112 1112 1112 1112 1112 1112 1112 1112 1112 1112 1112 1112 1112 1112 1112 1112 1112 1112 1112 1112 1112 1112 1112 1112 1112 1112 22 12288 12298 101 1083 1084
1093 1109 1110 1111 1101 20491 20491 20491 20491 12299 0 41 42 43 0 0 0 0 0 41 42 43 0 0 41 42 43 0 0 0 0 0 0 41 42 43 0 0 0 41 42 43 0 0 12298 101 1083 1085
1093 1101 14 1083 1101 10240 10240 10240 10240 12288 0 0 44 0 0 0 0 0 0 0 44 0 0 0 0 44 0 0 0 0 0 0 0 0 44 0 0 0 0 0 44 0 0 0 12298 101 1083 1084
1093 1101 45 1083 1101 0 0 0 0 12288 0 0 46 0 0 0 0 0 0 0 46 0 0 0 0 46 0 0 0 0 0 0 0 0 46 0 0 0 0 0 46 0 0 0 12298 101 1083 1085
1093 15 45 47 1101 0 0 0 0 12288 0 0 44 0 0 0 0 0 0 0 44 0 0 0 0 44 0 113 0 31 32 0 114 0 44 0 0 0 0 0 44 0 0 0 12298 101 1083 1084
1101 17 48 49 1101 0 0 0 0 12288 0 0 46 0 0 0 0 0 0 0 46 0 0 0 0 46 0 121 0 34 35 0 122 0 46 0 0 0 0 0 46 0 0 0 12298 101 1083 1085
1101 19 45 18 1101 0 0 0 0 12288 0 0 44 0 114 0 123 0 113 0 44 0 0 0 50 51 52 119 37 38 39 40 120 50 51 52 0 0 114 0 44 0 0 0 12298 101 1083 1086
1101 1113 21 1113 1101 0 0 0 0 12288 0 0 46 0 122 27 124 29 121 0 46 0 0 50270 1112 1112 1112 1112 1112 1112 1112 1112 1112 1112 1112 1112 49245 0 122 0 46 0 0 0 12298 101 1083 32831
1101 24 23 24 1101 0 0 0 0 12288 0 50 51 52 120 53 125 54 119 50 51 52 50270 1116 3132 1102 1084 1102 1084 1098 1099 1100 1084 3132 1102 1084 1115 49245 120 50 51 52 0 0 12298 101 1083 1085
1084 1084 1085 1084 1101 0 0 0 0 12288 1112 1112 1112 1112 1112 1112 1112 1112 1112 1112 1112 1112 1116 1085 3134 1093 1086 1093 1086 1103 1104 1105 1086 3134 1093 1086 1093 1115 1112 1112 1112 1112 1112 1112 10 101 1083 1085
1085 1086 1085 1086 1101 0 0 0 0 0 1114 1085 32829 32831 1084 1084 32829 1085 1084 1084 1086 1084 1085 1084 3135 1084 1087 1084 1087 1106 1107 1108 1087 3135 1084 1087 1084 1085 1084 1085 32831 32829 32829 1101 10 101 1083 1084
1101 20491 20491 20491 1101 0 0 0 0 0 1114 1084 1085 1084 3135 1084 1087 1084 1085 3135 1084 1087 1084 1085 1084 1085 1084 1085 1084 1085 1084 1085 1084 1085 1084 1085 1085 1085 1084 1085 32829 32828 32830 1101 10 101 1083 32831
1101 10240 10240 10240 1101 0 0 0 0 0 1114 1085 32829 32831 1084 1084 32829 1085 1084 1084 1086 1084 1084 1084 1085 1084 1084 1086 1084 1085 32829 1084 1084 1084 32829 1085 1084 1084 1086 1084 1084 1085 1085 1101 10 101 1083 1084
1101 0 0 0 0 0 0 0 0 0 1114 22 0 0 0 0 0 0 0 0 0 0 0 0 0 0 0 0 0 0 0 0 0 0 0 0 0 0 0 0 13 1084 1085 1101 10 101 1083 1085
1101 0 0 0 0 0 0 0 0 0 1114 0 126 0 0 127 0 0 126 128 0 127 0 126 127 129 130 126 127 126 127 126 128 0 127 0 0 0 127 126 0 1083 1084 1101 10 101 1083 1084
1101 0 0 0 0 0 0 0 0 0 1114 33 131 0 0 132 0 0 131 133 55 132 25 131 132 134 135 131 132 131 132 131 133 25 132 29 0 0 132 131 29 1083 1085 1101 10 101 1083 1085
1101 0 0 0 0 0 0 0 0 0 1114 36 136 137 138 139 95 96 136 140 56 139 28 136 139 141 142 136 139 136 139 136 140 28 139 54 95 96 139 136 54 1083 1085 1101 10 101 1083 1084
1101 0 0 0 1101 0 0 0 0 0 1112 1112 1112 1112 1112 1112 4104 4105 1112 1112 1112 1112 1112 1112 1112 1112 1112 1112 1112 1112 1112 1112 1112 1112 1112 1112 4104 4105 1112 1112 1112 1112 1084 1101 10 101 1083 1085
1101 0 0 0 1101 0 0 0 0 0 1114 1084 1084 1084 1084 22 3080 3081 13 1085 1084 32831 1084 1084 32831 1084 1085 1084 1084 32831 1085 1084 1084 1086 1084 22 3080 3081 13 1084 1085 1087 1085 1101 10 101 1083 1086
1101 0 0 0 1101 0 0 0 0 0 1114 1086 1084 32829 22 0 3080 3081 0 13 32829 1084 1086 1084 32829 1084 32829 1086 32829 32829 1084 1086 1084 32829 22 0 3080 3081 0 13 1084 1086 1085 1101 10 101 1083 1084
1101 0 0 0 1101 0 0 0 0 0 1114 0 143 0 0 144 3080 3081 143 144 143 123 123 145 146 143 144 143 0 143 0 0 144 143 0 143 3080 3081 144 145 146 1083 1086 1101 10 101 1083 1085
1101 0 0 0 1101 0 0 0 0 0 1114 57 147 0 0 148 3080 3081 147 148 147 124 124 149 150 147 148 147 57 147 0 0 148 147 29 147 3080 3081 148 149 150 1083 1087 1101 10 101 1083 1084
1101 0 0 0 1101 0 0 0 0 0 1114 58 151 95 96 152 3080 3081 151 152 151 125 125 153 154 151 152 151 58 151 95 96 152 151 54 151 3080 3081 152 153 154 1083 1085 1101 10 101 1083 1085
1101 0 0 0 1101 0 0 0 0 0 1112 1112 1112 4104 4105 1112 1112 1112 1112 1112 1112 1112 1112 1112 1112 1112 1112 1112 1112 1112 4104 4105 1112 1112 1112 1112 1112 1112 1112 1112 1112 1112 1085 1101 10 101 1083 1086
1101 0 0 0 1101 0 0 0 0 0 1114 1084 22 3080 3081 13 1085 32829 32831 1085 1084 1084 1084 1084 1086 1084 32831 1084 1084 22 3080 3081 13 1085 1084 32831 1084 1084 32831 1084 1086 1093 1085 1101 10 101 1083 32831
1101 0 0 0 0 0 0 0 0 0 1114 22 0 3080 3081 0 13 32828 32829 1084 1086 1084 1086 32829 32829 1086 1084 32829 22 0 3080 3081 0 13 1086 1084 32829 1086 1084 32829 1084 1087 1084 1101 10 101 1083 1085
1101 0 0 0 0 0 0 0 0 0 1114 0 143 3080 3081 123 145 146 143 144 143 123 144 0 144 143 0 143 144 143 3080 3081 145 146 0 0 123 0 0 0 13 1093 1093 22 10 101 1083 1085
1101 0 0 0 0 0 0 0 0 0 1114 55 147 3080 3081 124 149 150 147 148 147 124 148 57 148 147 25 147 148 147 3080 3081 149 150 0 27 124 29 0 0 0 0 0 0 10 101 1083 1084
1101 0 0 1085 1101 0 0 0 0 0 1114 56 151 3080 3081 125 153 154 151 152 151 125 152 58 152 151 28 151 152 151 3080 3081 153 154 27 53 125 54 29 0 0 0 0 0 10 101 1083 32831
1101 20492 20492 1085 22 0 0 0 0 0 1083 1112 1112 1112 1112 1112 1112 1112 1112 1112 1112 1112 1112 1112 1112 1112 1112 1112 1112 1112 1112 1112 1112 1112 1112 1112 1112 1112 1112 1112 1112 1112 1112 1112 155 156 1083 1084
1085 1084 1085 1101 0 0 0 0 0 0 20491 20491 20491 20491 20491 20491 20491 20491 0 0 0 0 0 0 0 0 0 0 0 0 0 0 0 0 13 1084 1086 1084 1084 1085 1087 1085 1084 1101 20492 20492 1083 1085
1084 1084 1086 1101 95 96 0 0 0 0 0 0 0 0 0 0 0 12288 0 0 0 0 0 0 0 0 0 0 0 0 0 0 0 0 0 59 60 61 60 60 61 1084 1085 1086 1085 1084 1084 1085
1085 1085 1084 1101 4104 4105 0 0 0 0 0 0 0 0 0 0 0 12288 114 0 0 113 0 0 0 0 0 0 0 0 0 0 0 0 0 59 61 60 60 61 60 61 60 61 60 60 61 1084
1084 1084 1086 1101 3080 3081 0 0 0 0 0 0 0 0 0 0 0 12288 122 0 0 121 0 0 0 0 0 0 0 0 0 0 0 0 0 59 62 63 61 60 60 62 60 61 60 60 61 1084
1085 1085 1087 1101 3080 3081 10240 10240 10240 10240 0 0 0 0 0 0 0 12288 120 95 96 119 0 0 114 0 0 123 0 0 113 114 0 0 0 1083 1109 1110 1110 1111 1085 1086 1093 49212 60 61 60 1085
1084 1084 1085 1112 1112 1112 1112 1112 1112 1112 0 0 0 0 0 0 0 12288 5126 4104 4105 5126 0 0 122 0 27 124 29 0 121 122 0 0 0 1083 1101 14 14 1083 1084 1085 1093 1087 49213 60 60 1086
1085 1085 1084 1085 1087 1084 1085 1087 1084 1101 0 0 0 0 0 0 0 12288 64 3080 3081 65 0 0 120 27 53 125 54 29 119 120 95 96 0 1093 1101 45 45 1083 1084 1109 1110 1110 1110 4104 4105 1111
1084 1085 1084 1085 1084 1086 1085 1084 1086 1101 0 0 0 0 0 0 0 12288 1112 1112 1112 1112 1112 1112 1112 1112 1112 1112 1112 1112 1112 1112 4104 4105 1083 1093 15 48 48 47 1093 1101 0 0 0 3080 3081 1083
41 42 43 41 42 43 0 0 13 1101 20492 20492 20492 20492 20492 20492 20492 20492 1114 22 41 42 43 0 0 0 0 0 0 0 0 0 3080 3081 1083 1101 17 45 45 49 1083 1101 0 0 0 3080 3081 1083
0 66 0 0 66 0 0 0 0 13 1112 1112 1112 1112 1112 1112 1112 1112 22 0 0 66 0 0 0 0 0 0 0 0 0 0 3080 3081 1083 1101 19 48 48 18 1083 1101 114 123 113 3080 3081 1083
0 67 0 0 67 0 113 0 0 0 0 0 41 42 43 0 0 0 0 0 0 67 0 0 0 0 0 0 0 0 0 0 3080 3081 1083 1101 17 45 45 49 1083 1101 122 124 121 3080 3081 1083
0 66 0 0 66 0 121 0 0 0 0 0 0 44 0 0 0 0 0 0 0 66 0 0 0 50270 1112 1112 1112 1112 1112 49245 3080 3081 1083 1101 19 48 48 18 1083 1101 120 125 119 3080 3081 1083
50 68 52 50 68 52 119 0 0 0 113 114 0 46 0 0 0 0 0 0 50 68 52 50270 1112 1116 1093 1086 1093 1085 1087 1115 1112 1112 1093 1101 17 45 45 49 1083 1085 1112 1112 1112 1112 1112 1084
1112 1112 1112 1112 1112 1112 1112 49245 0 0 121 122 0 44 0 0 50270 1112 1112 1112 1112 1112 1112 1116 1084 1086 1093 32831 1093 1084 1085 1084 1086 1084 1093 1101 19 48 48 18 1083 1084 1084 1085 1084 1085 1084 1084
1086 1084 1084 1087 1085 1093 1093 1115 49245 65 119 120 50 51 52 50270 1116 1087 1085 1093 1085 1087 1085 1093 32829 32831 1085 1084 1084 1084 1086 1084 32831 32829 1093 1101 1113 1045 1045 1113 1083 1087 1085 1084 1084 1086 1087 1085
32831 32829 32829 1084 1084 1087 1085 1093 1115 1112 1112 1112 1112 1112 1112 1116 1093 1084 1084 1093 1084 1085 1084 1093 32828 32829 1084 1086 1084 32829 32831 32829 32829 32828 1093 1101 24 23 24 24 1083 1093 32829 32830 32829 1093 1093 1093
