54 39
1096 1096 1096 1097 1096 1097 1097 1096 1096 1097 1096 1097 1098 1099 1026 1026 1026 1026 1026 1026 1026 1026 1026 1026 1098 1096 1096 1096 1096 1097 1096 1097 1096 1096 1096 1097 1096 1096 1096 1097 1096 1096 1096 1097 1096 1096 1096 1097 1096 1096 1096 1097 1096 1096
1100 1101 1102 1103 1101 1104 1103 1101 1101 1104 1103 1098 1098 1055 1056 1056 1056 1056 1056 1056 1056 1056 1056 1057 1098 1099 1026 1026 1026 1026 1026 1026 1026 1026 1026 1026 1026 1026 1026 1026 1026 1026 1026 1026 1026 1105 1106 1058 1026 1026 1026 1026 1098 1107
1103 1101 1108 1109 1101 1110 1101 1100 1101 1108 1103 1111 10240 0 0 0 116 0 0 0 0 0 0 0 10240 0 0 0 0 0 0 0 0 0 0 117 0 0 41 0 0 0 118 0 0 119 46 120 0 0 0 0 1111 1112
1109 1102 1109 1103 1102 1103 1103 1104 1101 1098 1099 1098 10279 45 45 121 40 0 0 0 0 0 0 0 10240 0 0 0 0 0 0 0 0 0 0 122 0 0 42 0 0 0 123 0 0 40 47 39 45 45 45 121 1071 1113
1114 1108 1114 1104 1108 1103 1103 1108 1102 1111 0 0 10240 0 0 0 41 0 0 0 0 0 0 0 10240 0 0 0 0 0 0 0 0 0 0 123 0 0 116 0 0 0 0 0 0 41 47 0 0 0 0 0 1071 1113
1114 1100 1102 1108 1101 1100 1100 1098 1099 1098 0 0 10240 0 0 0 42 0 0 0 0 0 0 0 10240 0 0 0 0 0 0 0 12328 39 45 45 45 121 40 0 0 0 0 0 12288 42 47 0 0 0 0 0 1071 1107
1114 1114 1108 1103 1101 1101 1101 1111 0 0 0 0 0 0 0 0 42 0 0 0 0 0 0 0 10240 0 0 0 0 0 0 0 12329 0 0 0 0 0 0 0 0 0 0 0 12288 42 47 0 0 0 0 0 1071 1112
1101 1100 1103 1109 1102 1102 1102 1071 0 0 0 124 1098 1098 0 0 42 0 0 0 0 0 0 0 0 0 0 0 0 0 0 0 12330 0 0 0 0 0 0 0 0 0 0 0 12288 42 47 0 0 0 0 0 1071 1113
1109 1098 1099 1026 1026 1026 1026 1098 0 0 124 20523 1111 1111 0 0 42 0 48 49 50 0 0 0 0 0 0 0 0 0 0 0 12330 0 0 0 0 0 0 0 0 0 0 0 12288 42 47 0 0 0 0 0 1071 1113
1114 1111 0 0 42 0 0 0 0 124 20523 1115 1071 1071 0 0 42 0 51 0 52 0 0 0 0 0 0 125 0 0 0 0 12330 125 0 0 0 0 0 0 0 0 0 0 0 42 47 0 0 126 127 0 1071 1113
1114 1071 0 0 42 0 0 0 0 20523 1115 1116 1071 1098 0 0 42 0 53 54 55 0 0 0 0 0 0 125 0 0 128 0 116 125 125 0 12288 12288 12288 12288 12288 12288 0 0 0 116 47 0 0 129 130 0 1071 1113
1117 1071 0 0 42 0 0 1098 1026 1098 1099 1026 1098 1118 21504 21504 21546 21504 1119 1098 1059 1026 1026 1026 1026 1026 1026 1026 1026 1098 1099 1026 1060 1026 1026 1098 0 0 0 0 0 0 1098 1099 1026 1026 1098 1099 1026 1098 1099 1026 1098 1113
1114 1071 131 132 42 0 0 0 0 0 0 0 0 0 0 0 42 0 1098 1120 1097 1121 1096 1120 1097 1096 1120 1097 1121 1111 1122 1120 1096 1120 1097 1111 0 0 0 0 0 0 1111 1122 1097 1096 1097 1097 1096 1111 1122 1097 1096 1123
1109 1071 0 0 116 0 0 0 0 0 0 0 0 0 0 0 42 0 1111 1124 1125 1125 1125 1125 1126 1107 1109 1103 1109 1071 1107 1103 1103 1100 1104 1071 0 0 0 0 0 0 1071 1107 1103 1104 1114 1114 1100 1071 1107 1103 1104 1114
1104 1098 1098 1099 1026 1026 1026 1026 1026 1026 1098 1099 1026 1026 1026 1026 1026 1026 1098 1127 1128 1128 1128 1128 1129 1107 1109 1103 1100 1071 1107 1103 1102 1100 1110 1071 22528 22528 0 0 0 0 1071 1112 1104 41 1100 1109 1103 1071 1112 1124 1125 1126
1124 1126 1111 0 41 0 0 0 0 0 1111 1097 1120 1096 1120 1097 1121 1097 1121 1130 1131 1131 1131 1131 1132 1133 1102 1103 1102 1098 1133 1103 1134 1102 1103 1098 0 0 0 0 0 0 1071 1113 1110 42 1103 1100 1109 1071 1113 1127 1128 1129
1127 1129 1071 0 42 0 0 0 0 0 12347 56 57 58 57 58 57 58 57 58 57 58 57 58 57 58 57 58 57 58 57 58 57 58 59 56 0 0 0 0 0 0 1071 1113 1109 42 1109 1102 1114 1071 1113 1127 1128 1129
1127 1129 1071 0 116 0 0 0 0 0 12351 60 61 62 61 62 61 62 61 62 61 62 61 62 61 62 61 62 61 62 61 62 61 62 63 60 0 0 0 0 0 0 1071 1113 1103 1110 1109 1110 1114 1071 1113 1130 1131 1132
1127 1129 1098 1099 1026 1026 1026 1026 1026 1026 1098 1122 1097 1097 1096 1097 1135 1096 1096 1136 1097 1096 1096 1096 1097 1097 1096 1096 1097 1098 1122 1120 1096 1120 1097 1098 0 0 0 0 22528 22528 1071 1113 1104 1103 1100 1100 1117 1098 1099 1026 1026 1026
1127 1128 1125 1125 1125 1125 1125 1125 1125 1125 1126 1107 1104 1109 1100 1114 42 1103 1100 0 1100 1100 1103 1100 1104 1100 1100 1100 1104 1111 1107 1100 1100 1100 1100 1111 0 0 0 0 0 0 1071 1113 1110 1109 1102 1103 1100 1111 0 0 42 0
1127 1128 1128 1128 1128 1128 1128 1128 1128 1128 1129 1107 1110 1100 1109 1117 40 1104 1109 133 1102 1109 1117 1109 1110 1102 1109 1114 1109 1071 1133 1100 1100 1100 1100 1071 39 45 45 45 45 121 1098 1113 1109 1114 1110 1109 1103 1098 39 121 40 0
1130 1131 1131 1131 1131 1131 1131 1131 1131 1131 1132 1133 1100 1100 1098 1099 1026 1026 1026 1026 1026 1026 1026 1098 1099 1026 1026 1026 1026 1098 1099 1026 1026 1026 1026 1098 0 0 0 0 0 0 59 56 57 58 57 58 59 12344 0 0 41 0
1098 1099 1026 1026 1026 1026 1026 1098 1099 1026 1026 1026 1026 1026 1098 134 118 118 118 118 118 118 118 1111 0 0 0 10240 1055 1056 1056 1056 1056 1056 1057 1111 0 0 0 0 0 0 63 60 61 62 61 62 63 12348 0 0 116 0
1111 0 0 0 41 0 41 1111 1055 1056 1056 1056 1056 1057 1111 135 136 137 122 137 122 137 122 1071 0 0 0 10240 0 0 0 0 0 0 0 1071 0 0 0 0 0 0 1098 1137 1096 1096 1097 1097 1120 1098 1099 1026 1026 1026
1071 0 0 0 42 0 40 1071 45 45 121 40 45 45 1071 138 122 137 122 137 139 137 139 1071 0 0 0 10240 0 0 0 0 0 0 0 1071 22573 22573 45 45 45 121 1111 1133 1109 1117 1114 1109 1109 1097 1096 1097 140 1121
1071 39 45 121 40 0 0 1071 0 0 0 42 0 0 1071 141 142 142 142 142 143 144 0 1071 0 0 0 10240 0 0 0 0 0 0 0 1071 0 0 0 0 0 0 1098 1099 1105 1106 1138 1026 1026 1026 1026 1026 1098 1107
1071 0 0 0 0 0 0 1071 0 0 0 42 0 0 1071 145 146 146 146 146 147 137 148 1071 0 0 0 0 0 0 0 0 0 0 0 1071 0 0 0 0 0 0 0 0 119 46 120 0 0 0 0 0 1111 1133
1071 0 0 0 0 0 0 1098 0 0 0 42 0 0 1098 4171 4098 1026 1026 1026 1026 1026 1026 1098 0 0 0 0 0 0 0 0 0 0 0 1071 0 0 0 0 0 0 0 0 0 47 39 45 121 40 39 121 1071 1113
1071 0 0 0 64 65 66 0 0 0 0 42 0 0 0 3109 3110 0 0 0 0 140 0 0 0 64 65 66 0 0 1098 0 0 0 0 1071 0 0 0 0 0 0 0 0 0 47 0 0 0 41 0 0 1071 1113
1071 0 0 0 67 0 68 0 0 0 0 42 0 0 0 3109 3110 0 0 0 0 42 0 0 0 67 0 68 0 0 1111 0 0 0 0 1071 0 0 0 0 22528 22528 0 0 0 47 0 0 0 42 0 0 1071 1113
1071 0 0 0 69 70 71 0 0 0 0 116 0 0 0 3109 3110 0 0 0 0 116 0 0 0 69 70 71 0 0 1071 0 0 0 0 1071 0 0 0 0 0 0 0 0 0 47 0 0 0 42 0 0 1071 1113
1098 1099 1026 1026 1026 1026 1026 1026 1098 0 0 1098 1099 1026 1026 1026 1026 1026 1026 1098 1099 1026 1026 1026 1026 1026 1026 1098 0 0 1098 0 0 0 0 1098 0 0 0 0 0 0 0 0 0 47 0 0 0 42 0 0 1071 1113
1096 1096 1096 1097 1096 1097 1096 1096 1111 0 0 1111 1122 1096 1096 1097 1096 1096 1097 1111 1122 1096 1096 1096 1096 1096 1096 1111 0 0 1118 21548 21548 21548 21548 1119 0 0 0 0 0 0 0 0 0 47 0 0 0 42 0 0 1071 1113
1102 1102 1102 1102 1102 1102 1101 1101 1098 1099 1026 1098 1107 1101 1100 1103 1101 1102 1109 1098 1112 1124 1125 1125 1125 1126 1107 1071 0 0 0 0 0 0 0 0 22528 22528 0 0 0 0 149 0 0 47 0 0 0 116 0 0 1071 1112
1124 1125 1125 1125 1125 1126 1107 1101 1097 1096 1097 1097 1123 1101 1103 1109 1102 1108 1114 1111 1107 1127 1128 1128 1128 1129 1113 1071 0 0 0 0 0 0 0 0 0 0 0 0 0 0 137 0 0 47 0 0 0 150 151 0 1071 1113
1127 1128 1128 1128 1128 1129 1107 1104 1101 1104 1103 1103 1109 1102 1109 1103 40 1109 1109 1071 1107 1130 1131 1131 1131 1132 1113 1071 0 148 0 0 0 0 0 0 0 0 0 0 0 0 152 0 0 47 0 125 0 153 154 0 1071 1113
1127 1128 1128 1128 1128 1129 1133 1110 1101 1110 1109 1102 1114 1108 1114 1104 42 1103 1114 1098 1099 1026 1026 1026 1026 1026 1026 1098 1099 1026 1026 1026 1060 1060 1060 1060 1060 1060 1060 1060 1060 1060 1060 1060 1026 1098 1099 1026 1026 1026 1026 1026 1098 1113
1127 1128 1128 1128 1128 1129 1113 1103 1102 1103 1103 1108 1114 1100 1114 1108 116 1100 1114 1111 1122 1120 1096 1097 1096 1096 1096 1111 1122 1096 1096 1096 1096 1096 1096 1096 1096 1096 1096 1096 1097 1096 1096 1096 1097 1111 1122 1096 1096 1097 1124 1126 1111 1113
1130 1131 1131 1131 1131 1132 1107 1103 1108 1103 1104 1100 1114 1114 1114 1100 1139 1117 1114 1071 1107 1114 1117 1114 1103 1102 1100 1071 1107 1114 1103 1114 1103 1103 1114 1103 1103 1102 1114 1117 1114 1103 1102 1100 1114 1071 1112 1114 1117 1114 1130 1132 1071 1113
