56 48
1068 1081 1068 1081 1068 1081 1068 1081 1068 1081 1068 1081 1068 1081 1068 1081 1068 1081 1068 1081 1068 1081 1068 1067 1082 1081 1068 1081 1068 1067 1068 1081 1068 1067 1068 1081 1068 1067 1082 1081 1068 1081 1068 1067 1068 1081 1068 1081 1068 1081 1068 1081 1068 1081 1068 1081
1067 1082 1067 1082 1081 1077 0 0 0 0 42 0 0 0 0 0 0 0 0 1076 1067 1082 1067 1068 1081 1068 1081 1068 43 44 1081 1068 1067 1068 1081 1068 1081 1068 43 44 1081 44 43 1068 1081 1068 1067 1082 1067 1082 1067 1082 1067 1082 1067 1082
1068 1081 1068 1081 1082 1090 0 0 0 0 45 0 0 0 0 0 0 0 0 1080 1082 1067 1082 1067 1077 1090 1091 1092 46 47 1092 1091 1092 1091 1092 1091 1092 1091 1092 1091 1092 46 47 1091 1092 1080 1093 1081 1068 1081 1068 1081 1068 1081 1093 1081
1090 1094 1095 1076 1081 1077 97 98 0 0 42 0 0 0 10240 10240 10240 0 0 1076 1067 1082 1067 1082 1067 1077 1096 1097 48 49 1097 1096 1097 1096 1097 1096 1097 1096 1097 1096 1097 48 49 1096 1097 1076 1067 1082 1067 1082 1067 1082 1067 1082 1067 1082
1077 1078 1079 1080 1082 1090 0 0 0 0 42 0 0 0 0 0 0 0 0 1080 1082 1067 1082 1067 1077 1090 1089 1089 46 47 1089 1089 1089 1089 1089 1089 1089 1089 1089 1089 1089 46 47 1089 1089 1080 1093 1081 1068 1081 1068 1081 1068 1081 1093 1081
1067 1082 1067 1082 1081 1077 1025 1025 1025 1025 1025 1025 1025 1025 0 0 0 0 0 1080 1077 1077 0 0 0 42 0 0 50 51 0 0 0 0 0 42 0 0 0 0 0 50 51 0 0 0 42 0 37 99 0 0 0 32820 32811 1082
1068 1081 1068 1081 1068 1081 1098 1098 1098 1098 1098 1098 1098 1098 0 0 0 0 0 1076 1081 1077 0 0 0 45 0 0 0 0 0 0 0 0 0 45 0 0 0 0 0 0 0 0 0 0 45 0 37 99 0 0 0 32824 32837 1081
1067 1082 1067 1082 1067 1082 1067 1082 1067 1082 1067 1082 1090 0 0 0 0 0 0 1080 1077 1077 0 0 0 42 0 0 0 0 0 0 0 0 0 42 0 0 0 0 0 0 0 0 0 0 42 0 37 99 0 0 0 32820 32811 1082
1068 1081 1068 1081 1068 1081 1068 1081 1068 1081 1068 1081 1077 1090 0 0 0 0 0 1076 1081 1077 12288 12288 0 42 0 0 0 0 0 0 0 0 0 42 0 0 0 0 0 0 0 0 0 0 42 0 37 99 0 0 0 32824 32837 1081
1067 1082 1067 1082 1067 1082 1090 1094 1095 1076 1081 1082 1090 0 0 0 0 0 0 1080 1077 1077 32809 32809 1025 1025 1099 1100 1100 1100 1100 1100 1100 1101 1025 1025 1025 1099 1100 1100 1100 1100 1100 1100 1101 1025 1025 1025 37 99 1025 1025 1025 1076 1067 1082
1068 1081 1068 1081 1068 1081 1077 1078 1079 1080 1082 1081 1077 1090 0 0 0 0 0 0 0 0 0 0 100 101 1098 1098 1098 1098 1098 1098 1098 1098 1098 1098 1098 1098 1098 1098 1098 1098 1098 1098 1098 1098 1098 1098 37 99 1098 1098 1098 1081 1068 1081
1090 1094 1095 1076 1067 1082 1067 1082 1067 1082 1081 1082 1081 1077 0 0 0 0 0 0 0 0 0 0 102 103 1081 1068 1081 1068 1081 1068 1081 1068 1081 1068 1081 1068 1081 1068 1081 1068 1081 1068 1081 1068 1081 1077 37 99 1080 1093 1067 1082 1067 1082
1077 1078 1079 1080 1068 1081 1068 1081 1068 1081 1068 1081 1077 1090 12288 12288 12288 12288 12288 12288 12288 12288 12288 12288 1025 1025 1082 1067 1082 1067 1082 1067 1082 1067 1082 1067 1082 1067 1082 1090 1094 1095 1076 1067 1082 1067 1082 1090 37 99 1076 1067 1068 1081 1068 1081
1067 1082 1067 1082 1067 1082 1067 1082 1067 1082 1067 1082 1081 1077 10240 10240 10240 0 0 0 0 0 0 0 1098 1098 1081 1068 1081 1068 1081 1068 1081 1068 1081 1068 1081 1068 1081 1077 1078 1079 1080 1068 1081 1068 1081 1077 37 99 1080 1093 1067 1082 1067 1082
1068 1081 1068 1081 1068 1081 1068 1081 1068 1081 1068 1081 1068 1090 1025 1025 1025 0 0 1025 1025 1025 1025 1025 1080 1093 1082 1067 1082 1067 1082 1067 1082 1067 1082 1067 1082 1067 1082 1067 1082 1067 1082 1067 1082 1067 1082 1090 37 99 1076 1067 1068 1081 1068 1081
1067 1082 1090 104 0 0 0 0 0 0 0 0 0 0 1098 1098 1098 22528 22528 1098 1098 1098 1098 1098 1081 1068 1081 1068 1081 1068 1081 1068 1081 1068 1081 1068 1081 1068 1081 1068 1081 1068 1081 1068 1081 1068 1081 1077 37 99 1080 1093 1090 1094 1095 1076
1082 1081 1077 105 0 0 0 0 0 0 0 0 0 0 1076 1067 1082 1025 1025 1067 1082 1067 1082 1067 1082 1067 1082 1090 0 0 0 0 0 0 0 0 0 0 0 0 0 0 0 0 1076 1067 1082 1090 37 99 1076 1067 1077 1078 1079 1080
1067 1082 1090 104 0 0 0 0 0 0 0 0 0 0 1080 1068 1090 1094 1095 1076 1081 1068 1081 1068 1081 1068 1081 1077 0 0 0 10240 10240 10240 10240 10240 0 0 0 0 0 0 0 0 1080 1093 1081 1077 37 99 1080 1093 1067 1082 1067 1082
1082 1081 1077 105 0 0 0 0 0 0 0 0 0 0 52 43 53 54 55 0 0 0 1094 1095 1076 1067 1082 1090 0 0 0 0 0 0 0 0 0 0 0 0 0 0 0 0 1076 1067 1082 1090 37 99 1076 1067 1068 1081 1068 1081
1067 1082 1090 104 0 0 0 0 0 0 0 0 0 0 56 44 57 44 57 0 0 0 1078 1079 1080 1068 1081 1077 0 0 0 0 0 0 0 0 0 0 0 0 0 0 0 0 1080 1093 1081 1077 37 99 1080 1093 1067 1082 1067 1082
1068 1067 1082 1025 1025 1025 0 0 0 0 0 0 0 0 52 43 58 43 58 57 44 57 1068 1067 1082 1067 1082 1090 0 0 0 0 0 0 0 0 0 1025 1025 1025 0 0 1025 1025 1076 1067 1082 1090 37 99 1076 1067 1068 1081 1068 1081
1067 1082 1067 1098 1098 1098 0 0 0 0 0 0 0 0 1080 1068 1081 1068 1081 1068 1081 1068 1081 1068 1081 1068 1081 1077 0 0 0 0 0 0 0 0 0 1098 1098 0 0 0 0 1098 1067 1082 1081 1077 37 99 1080 1093 1067 1082 1067 1082
1068 1081 1068 1081 1082 1090 0 0 0 0 0 0 0 0 1076 1067 1082 1067 1082 1090 1094 1095 1076 1067 1082 1067 100 101 0 0 0 0 0 0 0 0 0 1076 1090 0 106 107 0 1081 1082 1081 1082 1090 37 99 1076 1067 1068 1081 1068 1081
1067 1082 1067 1082 1081 1077 0 0 0 0 0 0 0 0 1080 1068 1081 1068 1081 1077 1078 1079 1080 1068 1081 1068 102 103 0 0 0 0 0 0 0 0 0 1080 1077 0 21542 21543 1102 1102 1102 1102 1103 0 37 99 0 1104 1080 1093 1067 1082
1068 1081 1068 1081 1082 1090 22528 22528 0 0 0 0 0 0 1076 1067 1082 1067 1082 1067 58 1067 1082 1067 1082 1067 1025 1025 0 0 0 0 0 0 0 0 0 1076 1090 1025 1025 1025 1025 1081 1082 1081 1082 1090 37 99 1076 1067 1068 1081 1068 1081
1067 1082 1067 1082 1081 1077 0 0 0 0 0 0 0 0 1080 1068 1081 1068 1091 1105 59 1106 1092 1082 1067 1068 1098 1098 0 0 0 0 0 0 0 0 0 1080 1093 1098 1098 1098 1098 1082 1067 1082 1081 1077 37 99 1080 1093 1067 1082 1067 1082
1068 1081 1068 1081 1082 1090 0 0 0 0 0 0 1025 1025 1076 1067 1082 1067 1096 1107 60 1108 1097 1081 1068 1067 1077 1090 0 0 0 0 0 0 0 0 0 1076 1067 1068 1081 1068 1068 1081 1068 1081 1082 1090 37 99 1076 1067 1068 1081 1068 1081
1067 1082 1067 1082 1081 1077 0 0 0 0 0 0 1098 1098 1080 1068 1081 1068 1089 1109 61 1110 1111 1082 1067 1068 1112 1077 0 0 0 0 0 0 0 0 0 0 11298 11298 11299 1093 1090 1094 1095 1076 1081 1077 37 99 1080 1093 1067 1082 1067 1082
1082 32825 32821 0 0 0 0 0 0 0 0 0 0 0 0 0 0 0 0 0 62 0 0 0 1076 1067 1077 1090 0 0 0 0 0 0 0 0 0 1076 1067 1068 11300 1067 1077 1078 1079 1080 1082 1090 37 99 1076 1090 1094 1095 1076 1081
1081 32826 32834 0 0 0 0 0 0 0 0 0 0 0 0 0 0 0 0 0 0 0 0 0 1080 1068 1112 1077 0 0 0 0 0 0 0 0 0 1080 1093 1067 11300 1093 1067 1082 1067 1082 1081 1077 37 99 1080 1077 1078 1079 1080 1082
1082 32825 32821 0 0 0 0 0 0 0 0 0 0 0 0 0 0 0 0 0 0 0 0 0 1076 1067 1077 1090 0 0 0 0 0 0 0 0 0 1076 1067 1082 11300 1067 1068 1081 1068 1081 1082 1090 37 99 1076 1067 1068 1081 1068 1081
1081 32826 32834 0 32 33 0 0 0 0 0 0 0 0 0 0 0 0 0 0 0 0 0 0 1080 1068 1112 1077 0 0 0 0 0 0 0 0 0 1080 1068 1081 11300 1093 1067 1082 1067 1082 1081 1077 37 99 1080 1093 1067 1082 1067 1082
1082 1081 1077 1025 4128 4129 1025 1025 1025 0 0 1025 1025 1025 1025 0 0 1025 1025 1025 1025 1025 1025 1025 1076 1067 1077 1090 0 0 0 0 0 0 0 0 0 1076 1067 1082 11300 1067 1068 1081 1068 1081 1082 1090 37 99 1076 1067 1068 1081 1068 1081
1067 1082 1098 1098 3104 3105 1098 1098 1098 22528 22528 1098 1098 1098 0 0 0 0 1098 1098 1098 1098 1098 1098 1081 1068 1112 1077 0 0 0 0 0 0 0 0 0 0 11299 1093 11300 1093 1067 1082 1067 1082 1081 1077 37 99 1080 1093 1067 1082 1067 1082
1068 1081 1082 1090 3104 3105 1076 1067 1077 1025 1025 1080 1082 1090 0 106 107 0 1076 1067 1082 1067 1082 1067 1082 1081 1077 1090 0 0 0 0 0 0 0 0 0 1076 11300 1067 11300 1067 1068 1081 1068 1081 1082 1090 37 99 1076 1067 1068 1081 1068 1081
1067 1082 1081 1077 3104 3105 1080 1093 1090 1094 1095 1076 1081 1077 0 21542 21543 108 1113 1076 1067 1068 1081 1068 1081 1068 1112 1077 0 0 0 0 0 0 0 0 0 1080 11300 1093 11300 1093 1090 1094 1095 1076 1081 1077 37 99 1080 1093 1067 1082 1067 1082
1068 1081 1082 1090 3104 3105 1076 1067 1077 1078 1079 1080 1082 1090 1025 1025 1025 1025 1114 1080 1093 1067 1082 1067 1082 1081 1077 1090 0 0 0 0 0 0 0 0 0 1076 11300 1067 11300 1067 1077 1078 1079 1080 1082 1090 37 99 1076 1067 1068 1081 1068 1081
1067 1082 1081 1077 3104 3105 1080 1093 1081 1068 1081 1068 57 44 1098 1098 1098 1098 1114 1076 1067 1068 1081 1068 1081 1068 1112 1077 0 0 0 0 0 0 0 0 0 1080 11300 1093 11300 1093 1067 1082 1067 1082 1081 1077 37 99 1080 1093 1067 1082 1067 1082
1068 1081 1082 1090 3104 3105 1076 1067 1091 1092 1091 1092 63 64 1091 1092 1091 1092 1114 1080 1093 1081 1068 1081 1068 1081 1068 1090 0 0 0 0 0 0 0 0 0 1076 11300 1067 11300 1067 1068 1081 1068 1081 1082 1090 37 99 1076 1090 1094 1095 1076 1081
1067 1082 1081 1077 3104 3105 1080 1093 1096 1097 1096 1097 48 49 1096 1097 1096 1097 1114 1076 1067 1082 1067 1082 1067 1082 1067 1077 0 0 0 0 0 0 0 0 0 1080 11300 1093 11300 1093 1067 1082 1067 1082 1081 1077 37 99 1080 1077 1078 1079 1080 1082
1068 1081 1082 1090 3104 3105 1076 1067 1089 1089 1089 1089 46 47 65 1089 65 1115 1116 1080 1093 1081 1068 1081 1068 1081 1068 1090 0 0 0 0 0 0 0 0 0 1076 11300 1067 11300 1067 1068 1081 1068 1081 1082 1090 37 99 1076 1067 1068 1081 1068 1081
0 0 42 0 3104 3105 0 0 0 0 0 0 50 51 0 0 0 0 0 0 0 0 0 0 0 0 0 0 0 10240 10240 10240 10240 10240 10240 0 0 1080 11300 1093 11300 1093 1067 1082 1067 1082 1081 1077 37 99 1080 1093 1067 1082 1067 1082
0 0 42 0 3104 3105 0 0 0 0 0 0 0 0 0 0 0 0 0 0 0 0 0 0 0 0 0 0 0 0 0 0 0 0 0 0 0 0 0 0 0 0 0 0 0 0 0 0 12325 99 0 0 0 0 1076 1067
0 0 45 0 3104 3105 0 0 0 0 0 0 0 0 0 0 0 0 0 0 0 0 0 0 0 0 0 0 0 0 0 0 0 0 0 0 0 0 0 0 0 0 0 0 0 0 0 0 12325 99 0 0 0 0 1080 1093
0 0 42 0 3104 3105 0 0 0 0 0 0 0 0 0 0 0 0 0 0 0 0 0 0 0 0 0 0 0 0 0 0 0 0 0 0 0 0 0 0 0 0 0 0 0 0 0 0 12325 99 0 0 0 0 1076 1067
1025 1025 1025 1025 1025 1025 1025 1025 1025 1117 1118 1118 1118 1118 1118 1118 1119 1120 1117 1118 1118 1118 1118 1118 1118 1119 1025 1055 1055 1055 1055 1055 1055 1055 1025 1025 1025 1025 1025 1025 1025 1025 1025 1025 1025 1025 1025 1025 12325 99 1025 1025 1025 1025 1080 1093
1098 1098 1098 1098 1098 1098 1098 1098 1098 1098 1098 1098 1098 1098 1098 1098 1098 1025 1098 1098 1098 1098 1098 1098 1098 1098 1098 1098 1098 1098 1098 1098 1098 1098 1098 1098 1098 1098 1098 1098 1098 1098 1098 1098 1098 1098 1098 1098 21544 21544 1098 1098 1098 1098 1068 1081
1082 1067 1082 1067 1082 1067 1082 1067 1082 1067 1082 1067 1082 1067 1082 1067 1082 1098 1082 1067 1082 1067 1082 1067 1082 1067 1082 1067 1082 1067 1082 1067 1082 1067 1082 1067 1082 1067 1082 1067 1082 1067 1082 1067 1082 1067 1082 1090 1025 1025 1076 1067 1082 1067 1082 1067
