75 48
1066 1067 1066 1067 1066 1067 1066 1067 1066 1067 1066 1067 1066 1067 1066 1071 1066 1071 1066 1067 1066 1067 1066 1067 1066 1067 1066 1067 1066 1067 1066 1067 1066 1067 1066 1067 1066 1067 1066 1067 1066 1067 1066 1067 1066 1067 1066 1071 1066 1071 1066 1071 1066 1071 1066 1071 1066 1071 1066 1071 1066 1071 1066 1071 1066 1071 1066 1071 1066 1071 1066 1071 1066 1071 1066
1088 0 0 0 0 0 0 0 0 0 0 0 0 1066 1071 1066 1071 1066 1067 42 43 42 1067 42 43 1066 1067 1066 1067 1066 1067 1066 1067 1066 1067 1066 1067 42 43 42 1067 42 43 1066 43 42 43 1066 1071 1066 1067 1066 1067 1066 1067 1066 1067 1066 1071 1066 1071 1066 1067 1066 1071 1066 1067 1066 1071 1066 1067 1066 1071 1066 1067
1089 0 0 0 0 0 0 0 0 0 0 0 0 1067 1066 1071 1066 1088 1090 44 45 1091 1092 1093 46 1094 1095 1096 1066 1067 1066 1067 1066 1067 1066 1067 1097 44 45 1098 1092 44 45 1092 1098 44 45 1095 1066 47 42 47 42 47 1066 1071 1066 1071 1066 1071 1066 1071 1066 1071 1066 1071 1066 1071 1066 1071 1066 1071 1066 1071 1066
1088 0 0 0 0 0 0 0 0 0 0 0 0 1099 1067 1066 1071 1089 1100 48 49 1101 1102 1103 50 1104 1105 1106 1071 1066 1067 1066 1067 1066 1067 1067 1107 48 49 1108 1102 48 49 1102 1108 48 49 1105 1067 42 43 42 43 42 1067 1066 1067 1066 1067 1066 1067 1066 1067 1066 1067 1066 1067 1066 1067 1066 1067 1066 1067 1066 1067
1089 0 0 1025 1025 1025 0 0 0 0 0 0 0 1109 1066 1067 1066 1088 1110 51 52 1111 1111 1112 53 1113 1114 1096 1066 1067 1066 1067 1066 1067 1066 1067 1115 51 52 1111 1111 51 52 1111 1111 51 52 1114 1066 4143 4138 1071 1066 1071 1066 1071 1066 1071 1066 1071 1066 1071 1066 1071 1066 1071 1066 1071 1066 1071 1066 1071 1066 1071 1066
1088 12288 12288 1116 1116 1116 12288 12288 12288 12288 12288 12288 12288 1099 1088 0 114 115 0 54 55 0 0 0 56 0 0 0 0 0 0 0 0 116 0 0 0 54 55 0 0 54 55 0 0 54 55 0 0 3106 3107 0 0 0 0 1099 1088 0 0 0 0 0 0 0 0 0 0 0 0 0 0 0 0 1099 1071
1089 0 0 0 0 0 0 0 0 0 0 0 12288 0 0 0 114 115 0 0 0 0 0 0 0 0 0 0 0 0 0 0 0 117 0 0 0 0 0 0 0 0 0 0 0 0 0 0 0 3106 3107 0 0 0 0 1109 1089 0 0 0 0 0 0 0 0 0 0 0 0 0 0 0 0 1109 1066
1088 0 0 0 0 0 0 0 0 0 0 0 12288 0 0 0 114 115 0 0 0 0 0 0 0 0 0 0 0 0 0 0 0 116 0 0 0 0 0 0 0 0 0 0 0 0 0 0 0 3108 3109 0 0 0 0 1099 1088 0 0 0 0 0 0 0 0 0 0 0 0 0 0 0 0 1099 1071
1089 0 0 0 0 0 0 0 0 0 0 0 12288 0 0 0 114 115 0 0 0 0 0 0 0 0 0 0 0 0 0 0 0 116 0 0 0 0 0 0 0 0 0 0 0 0 0 0 0 3106 3107 0 0 0 0 1109 1089 0 0 0 0 0 0 0 0 0 0 0 0 0 0 0 0 1109 1066
1088 0 0 0 0 0 0 0 0 0 0 0 1025 1025 1025 1025 114 115 1117 1118 1118 1118 1118 1118 1118 1119 1025 1025 1025 0 0 0 1025 1025 1025 1025 1120 1121 1121 1121 1121 1121 1121 1121 1121 1121 1121 1122 1025 1025 1025 1025 0 0 1025 1099 1088 1025 0 0 0 0 0 0 0 0 0 0 1025 1025 1025 0 0 1099 1071
1089 0 0 0 0 0 0 0 0 0 0 0 1116 1116 1116 1116 114 115 1116 1116 1116 1116 1116 1116 1116 1116 1116 1116 1116 0 0 0 57 1123 1116 1116 1116 1116 1116 1116 1116 1116 1116 1116 1116 1116 1116 1116 1116 1116 1116 1116 0 0 1116 1066 1071 1116 0 0 0 0 0 0 0 0 0 0 1116 1116 1116 0 0 1109 1066
1088 0 22528 22528 0 0 0 0 0 0 0 0 1109 1066 1071 1089 114 115 1109 1066 1071 1066 1071 1066 1071 1066 1071 1124 1088 118 0 0 0 58 1071 1066 1067 1066 1067 1066 1067 1066 1067 1066 1071 1066 1071 1066 1067 1066 1071 1089 0 0 1099 1071 1124 1088 0 0 0 0 0 0 0 0 1055 21545 1125 1124 1088 0 0 1099 1071
1089 0 0 0 0 0 0 0 0 0 0 0 1099 1071 1124 1088 114 115 1099 1071 1066 1071 1066 1071 1066 1071 1066 1067 1089 20592 118 0 0 0 0 0 0 0 0 0 0 0 1099 1071 1066 1071 1066 1071 1066 1071 1124 1088 0 0 1109 1066 1071 1089 0 0 0 0 0 0 0 0 0 0 1099 1067 1089 0 0 1109 1066
1088 0 0 0 0 0 0 0 0 0 0 0 1109 1066 1071 1089 114 115 1109 1066 1067 1066 1067 1066 1067 1066 1067 1066 1067 20587 20592 118 0 0 0 0 0 0 0 0 0 0 1109 1066 1067 1066 1067 1066 1067 1066 1071 1089 0 0 1099 1071 1124 1126 21545 1056 0 0 0 0 0 0 0 0 1109 1124 1088 0 0 1099 1071
1089 0 0 0 0 0 0 0 0 0 0 0 1099 1071 1124 1088 114 115 1099 1071 1066 1071 1066 1071 1066 1067 1066 1067 1066 1116 20587 20592 118 0 0 0 0 0 0 0 0 0 1099 1071 1066 1071 1066 1071 1066 1071 1124 1088 0 0 1109 1066 1071 1089 0 0 0 0 0 0 0 0 0 0 1099 1067 1089 0 0 1109 1066
1088 0 0 0 0 0 0 0 0 0 0 0 1109 1066 1071 1089 114 115 1109 1066 1067 1066 1067 1066 1067 1066 1067 1066 1067 1066 1116 20587 20592 118 0 0 0 0 0 0 0 0 1109 1066 1067 1066 1067 1066 1067 1066 1071 1089 0 0 1099 1071 1124 1088 0 0 0 0 0 0 0 1117 1118 1118 1109 1124 1088 0 0 1099 1071
1089 0 0 0 0 0 0 0 0 22528 22528 0 1099 1071 1124 1088 114 115 1099 1071 1066 1071 1066 1071 1066 1071 1066 1071 1066 1071 1066 1116 20587 20481 1025 1025 1025 0 0 0 0 0 1099 1071 1066 1071 1066 1071 1066 1071 1124 1088 0 0 1109 1066 1071 1089 0 0 0 0 0 0 0 0 0 0 1099 1067 1089 0 0 1109 1066
1088 0 0 0 0 0 0 0 0 0 0 0 1109 1066 1071 1089 114 115 1109 1066 1067 1066 1067 1089 1127 1128 1109 1066 1067 1066 1067 1066 1116 1066 1067 1124 1088 0 0 0 0 0 1109 1066 1067 1066 1067 1066 1067 1066 1071 1089 0 0 1099 1071 1124 1088 0 0 0 0 0 0 0 0 0 0 1109 1124 1088 0 0 1099 1071
1089 0 0 0 0 0 0 0 0 0 0 0 1099 1071 1124 1088 114 115 1099 1071 1066 1071 1066 1088 1129 1130 1099 1071 1066 1067 1066 1067 1066 1067 1124 1088 1089 0 0 0 0 0 1099 1071 1089 1127 1128 1109 1066 1071 1124 1088 0 0 1109 1066 1071 1089 1121 1121 1122 0 0 0 0 0 0 0 1099 1067 1089 0 0 1109 1066
1088 12288 12288 12288 12288 12288 12288 12288 12288 12288 12288 12288 1109 1066 1071 1089 114 115 1109 1066 1067 1066 1067 1066 1067 1066 1067 1066 1067 1066 1067 1066 1067 1066 1067 1124 1088 0 0 0 0 0 1109 1066 1088 1129 1130 1099 1067 1066 1071 1089 0 0 1099 1071 1124 1088 0 0 0 0 0 0 0 0 0 0 1109 1124 1088 0 0 1099 1071
1088 0 0 0 0 0 0 0 0 0 0 0 1099 1071 1124 1088 114 115 1099 1071 1066 1071 1066 1071 1066 1071 1066 1071 1066 1071 1066 1071 1066 1071 1066 1071 1089 0 0 0 0 0 1099 1071 1066 1071 1066 1071 1066 1071 1124 1088 0 0 1109 1066 1071 1089 0 0 0 0 0 0 0 0 0 0 1099 1067 1089 0 0 1109 1066
1089 0 22528 22528 0 0 0 0 0 0 0 0 1109 1066 1071 1089 114 115 1109 1124 1088 0 119 0 0 1099 1071 1066 1067 1066 1067 1066 1067 1066 1067 1124 1088 0 0 0 0 0 1109 1066 1067 1066 1067 1066 1067 1066 1071 1089 0 0 1099 1071 1124 1088 0 0 0 0 0 0 0 0 1055 21545 1125 1124 1088 0 0 1099 1071
1088 0 0 0 0 0 0 0 0 0 0 0 1099 1071 1124 1088 114 115 1099 1071 1089 0 40 0 0 1109 1066 1071 1066 1071 1066 1071 1066 1071 1066 1071 1089 0 0 0 0 0 1099 1071 1066 1071 1066 1071 1066 1071 1124 1088 0 0 1109 1066 1071 1089 0 0 0 0 0 0 0 0 0 0 1099 1067 1089 0 0 1109 1066
1089 0 0 0 0 0 0 0 0 0 0 0 1109 1066 1071 1089 114 115 1109 1124 1088 0 40 0 0 1099 1071 1066 1067 1066 1067 1066 1067 1066 1067 1124 1088 0 0 0 0 0 1109 1066 1067 1066 1067 1066 1067 1066 1071 1089 0 0 1099 1071 1124 1088 1121 1121 1122 0 0 0 0 0 0 0 1109 1124 1088 0 0 1099 1071
1088 12288 12288 12288 12288 12288 12288 12288 12288 12288 12288 12288 1099 1071 1124 1088 114 115 0 0 0 0 11304 0 0 1109 1066 1071 1066 1071 1066 1071 1066 1071 1066 1071 1089 0 0 0 0 0 1099 1071 1066 1071 1066 1071 1066 1071 1124 1088 0 0 1109 1066 1071 1089 0 0 0 0 0 0 0 0 0 0 1099 1067 1089 0 0 1109 1066
1089 0 0 0 0 0 0 0 0 0 0 0 1109 1066 1071 1089 114 115 1109 1124 1088 0 0 0 0 1099 1071 1066 1067 1089 1127 1128 1109 1066 1067 1124 1088 0 0 0 0 0 1109 1066 1067 1066 1067 1066 1067 1066 1071 1089 0 0 1099 1071 1124 1088 0 0 0 0 0 0 0 1117 1118 1118 1109 1124 1088 0 0 1099 1071
1088 0 0 0 0 0 0 0 0 22528 22528 0 1099 1071 1124 1088 114 115 1099 1071 1089 0 0 0 0 1109 1066 1071 1066 1088 1129 1130 1099 1071 1066 1071 1089 0 0 0 0 0 1099 1071 1066 1071 1066 47 1066 1071 1124 1088 0 0 0 0 0 0 0 0 0 0 0 0 0 0 0 0 1099 1067 1089 0 0 1109 1066
1089 0 0 0 0 0 0 0 0 0 0 0 1109 1066 1071 1089 114 115 1109 1124 1088 0 0 0 0 1099 1071 1066 1067 1066 1067 1066 1067 1066 1067 1124 1088 0 0 0 0 0 1109 1066 1067 1066 1067 1066 1067 1066 1071 1089 0 0 0 0 0 0 0 0 0 0 0 0 0 0 0 0 1109 1124 1088 0 0 1099 1071
1088 0 0 0 0 0 0 0 0 0 0 0 1099 1071 1124 1088 114 115 1099 1071 1089 0 0 0 0 1109 1066 1071 1066 1071 1066 1071 1066 1071 1066 1071 1089 0 0 0 0 0 1099 1071 1066 1071 1066 1071 1066 1071 1124 1088 0 0 0 0 0 0 0 0 0 0 0 0 0 0 0 0 1099 1067 1089 0 0 1109 1066
1089 0 0 0 0 0 0 0 0 0 0 0 1109 1066 1071 1089 114 115 1109 1124 1088 0 0 0 0 1099 1071 1066 1067 1066 1067 1066 1067 1066 1067 1124 1088 0 0 0 0 0 1109 1066 1067 1066 1067 1066 1067 1066 1071 1089 0 0 1025 1025 1025 1025 1025 1025 1025 1025 1025 1025 1025 1025 1025 1025 1109 1124 1088 0 0 1099 1071
1088 0 0 0 0 0 0 0 0 0 0 0 1099 1071 1124 1088 114 115 1099 1071 1089 120 121 121 121 121 121 121 122 10240 0 0 0 0 0 0 0 0 0 0 0 0 1099 1071 1089 1127 1128 1109 1066 1071 1124 1088 0 0 1116 1116 1116 1116 1116 1116 1116 1116 1116 1116 1116 1116 1116 1116 1099 1067 1089 0 0 1109 1066
1089 0 22528 22528 0 0 0 0 0 0 0 0 1109 1066 1071 1089 114 115 1109 1124 1088 0 0 0 0 0 0 0 0 10348 59 60 0 0 0 0 0 0 0 0 0 0 1109 1066 1088 1129 1130 1099 1067 1066 1071 1089 0 0 1109 1066 1071 1066 1071 1066 1071 1066 1071 1066 1071 1066 1071 1066 1067 1124 1088 0 0 1099 1071
1088 0 0 0 0 0 0 0 0 0 0 0 1099 1071 1124 1088 114 115 1099 1071 1089 0 0 0 0 0 0 0 0 10349 0 61 0 0 0 0 0 0 0 0 0 0 1099 1071 1066 1071 1066 1071 1066 1071 1124 1088 0 0 1099 1071 1066 1067 1066 1067 1066 1067 1066 1067 1066 1067 1066 1067 1066 1067 1089 0 0 1109 1066
1089 0 0 0 0 0 0 0 0 0 0 0 1109 1066 1071 1089 114 115 1109 1124 1088 0 0 0 0 0 0 0 0 10350 62 63 0 0 0 0 0 0 0 0 0 0 1109 1066 1067 1066 1067 42 1067 1066 1071 1089 0 0 1109 1066 1071 1066 1071 1066 1071 1066 1071 1066 1071 1066 1071 1066 1071 1066 1071 0 0 1099 1071
1088 0 0 0 0 0 0 0 0 0 0 0 1099 1071 1124 1088 114 115 1099 1071 1089 0 0 0 0 0 0 0 0 1025 1025 1025 49265 0 0 123 124 0 0 0 0 0 1099 1071 1066 1071 1066 1071 1066 1071 1124 1088 0 0 1099 1071 1124 1088 0 0 0 0 0 0 0 0 0 0 0 0 0 0 0 1109 1066
1088 0 0 0 0 0 0 0 0 0 0 0 1109 1066 1071 1089 114 115 1109 1124 1088 0 0 0 0 0 0 0 0 1116 1116 1116 1131 49265 0 125 126 0 0 0 0 0 1109 1066 1067 1066 1067 1066 1067 1066 1071 1089 0 0 1109 1066 1071 1089 0 0 0 0 0 0 0 0 0 0 0 0 0 0 0 1099 1071
1089 0 0 0 0 0 0 0 0 22528 22528 0 1099 1071 1124 1088 114 115 1099 1071 1089 1025 1025 1025 1126 21545 21545 21545 21545 1125 1071 1124 1088 1131 1025 1025 1025 5121 5121 1025 1025 1025 1099 1071 1066 1071 1066 1071 1066 1071 1124 1088 22528 22528 1099 1071 1124 1088 0 0 0 0 0 0 0 0 0 0 0 0 0 0 0 1109 1066
1088 0 0 0 0 0 0 0 0 0 0 0 1109 1066 1071 1089 114 115 1109 1124 1088 1116 1116 1116 1116 0 0 0 0 1109 1066 1067 1124 1088 1116 1116 1116 5212 5212 1116 1116 1116 1067 1066 1067 1066 1067 1066 1067 1066 1071 1089 1025 1025 1109 1066 1071 1089 0 0 0 0 0 0 0 0 0 123 124 0 0 0 0 1099 1071
1089 0 0 0 0 0 0 0 0 0 0 0 1099 1071 1124 1088 114 115 1099 1071 1066 1067 1066 1071 1089 0 10240 120 121 121 121 121 122 10351 0 0 0 0 0 0 0 1071 1066 1071 1066 1071 1066 1071 1066 1071 1124 1088 1116 1116 1066 1071 1124 1088 0 0 0 0 0 0 127 0 0 125 126 0 0 0 0 1109 1066
1088 0 0 0 0 0 0 0 0 0 0 0 1109 1066 1071 1089 114 115 1109 1066 1071 1066 1067 1124 1088 0 10240 0 0 0 0 0 0 10348 59 60 0 0 0 0 0 1099 1067 1066 1067 1066 1071 1066 1067 1066 1071 1066 1071 1066 1071 1066 1071 1089 0 0 0 0 0 1025 1025 1025 1025 1025 1025 1025 1025 0 0 1099 1071
1089 0 0 0 0 0 0 0 0 0 0 0 1099 1071 1124 1088 114 115 1099 1071 1066 1067 1066 1071 1089 0 10240 0 0 0 0 0 0 10349 0 61 0 0 0 0 0 0 1066 1071 1066 1071 1066 1071 1066 1071 1066 1071 1066 1071 1066 1071 1124 1088 0 0 0 0 0 1116 1116 1116 1116 1116 1116 1116 1116 0 0 1109 1066
1088 0 22528 22528 0 0 0 0 0 0 0 0 1109 1066 1071 1089 114 115 1109 1066 1071 1066 1067 1124 1088 0 10240 0 0 0 0 0 0 10350 62 63 0 0 0 0 0 1099 1067 1066 1067 1066 1071 1066 1067 1066 1067 1066 1067 1066 1071 1066 1067 1089 0 0 0 0 0 1109 1066 1071 1066 1071 1066 1071 1089 0 0 1099 1071
1089 0 0 0 0 0 0 0 0 0 0 0 1099 1071 1124 1088 114 115 1099 1071 1066 1071 1066 1071 1089 0 10240 0 0 0 0 0 0 0 1025 1025 4134 4135 1025 0 0 0 0 0 0 0 0 0 0 127 0 0 0 0 0 0 0 0 0 0 0 0 0 0 0 0 0 0 0 1099 1088 0 0 1109 1066
1088 0 0 0 0 0 0 0 0 0 0 0 1109 1066 1071 1089 114 115 0 0 0 0 0 0 0 0 0 0 0 0 0 0 0 0 0 0 3110 3111 0 0 0 0 0 0 0 0 0 0 123 124 0 0 0 0 0 0 0 0 0 0 0 0 0 0 0 0 0 128 129 1109 1089 0 0 1099 1071
1089 0 0 0 0 0 0 0 0 0 0 0 1099 1071 1124 1088 114 115 0 0 0 0 0 0 0 0 0 0 0 0 0 0 0 0 0 0 3110 3111 0 0 0 0 127 0 0 0 0 0 125 126 0 0 0 0 127 0 0 0 0 0 0 0 0 0 0 0 0 0 0 1099 1088 0 0 1109 1066
1088 1057 1057 1057 1057 1057 1057 1057 1057 1057 1057 1057 1109 1066 1071 1089 114 115 1025 1025 1025 1025 1025 1025 1025 1025 1025 1025 1025 21545 21545 21545 21545 1025 1025 1025 1025 1025 1025 1025 1025 1025 1025 1025 1025 1025 1025 1025 1025 1025 1025 1025 1025 1025 1025 1025 1025 1025 1025 1025 1025 1025 1025 1025 1025 1025 1025 1025 1025 1071 1089 22528 22528 1066 1067
1089 1116 1116 1116 1116 1116 1116 1116 1116 1116 1116 1116 1066 1067 1124 1088 21545 21545 1116 1116 1116 1116 1116 1116 1116 1116 1116 1116 1116 1025 1025 1025 1025 1116 1116 1116 1116 1116 1116 1116 1116 1116 1116 1116 1116 1116 1116 1116 1116 1116 1116 1116 1116 1116 1116 1116 1116 1116 1116 1116 1116 1116 1116 1116 1116 1116 1116 1116 1116 1116 1116 1025 1025 1067 1066
1071 1066 1071 1066 1071 1066 1071 1066 1071 1066 1071 1066 1071 1066 1071 1089 1025 1025 1109 1066 1071 1066 1071 1066 1071 1066 1071 1066 1071 1116 1116 1116 1116 1066 1071 1066 1071 1066 1071 1066 1071 1066 1071 1066 1071 1066 1071 1066 1071 1066 1071 1066 1071 1066 1071 1066 1071 1066 1071 1066 1071 1066 1071 1066 1071 1066 1071 1066 1071 1066 1071 1066 1071 1066 1071
