92 34
1066 0 0 0 0 0 0 1067 1068 1068 1068 1068 1068 1068 1068 1068 1068 1068 1068 1068 1068 1068 1068 1068 1068 1068 1068 1068 1068 1068 1068 1068 1068 1068 1068 1068 1068 1068 1068 1068 1068 1068 1068 1068 1068 1068 1068 1068 1068 1068 1068 1068 1068 1068 1068 1068 1068 1069 1070 1071 1064 1064 1072 1070 1073 1068 1068 1068 1068 1068 1068 1068 1068 1068 1068 1068 1068 1068 1068 1068 1068 1068 1068 1068 1068 1068 1068 1068 1068 1068 1068 1074
1066 0 0 0 0 0 0 1067 1070 1070 1070 1070 1070 1070 1071 1075 1075 1072 1070 1070 1070 1076 1070 1070 1070 1070 1070 1070 1070 1070 1077 1078 1076 1070 1070 1071 1064 1064 1072 1071 1064 1064 1072 1077 1078 1071 1064 1064 1072 1077 1078 1070 1070 1070 1070 1070 1070 1070 1070 1066 0 0 1067 1070 1070 1070 1076 1070 1070 1070 1070 1070 1070 1070 1070 1070 1076 1070 1070 1070 1070 1070 1070 1077 1078 1070 1070 1077 1078 1070 1076 1066
1066 0 0 0 0 0 0 1067 1076 1070 1079 1080 1081 1070 1066 20503 20503 1067 1071 1064 1064 1064 1064 1064 1064 1064 1064 1064 1064 1072 1082 1083 1070 1077 1078 1066 0 0 1067 1066 0 0 1067 1082 1083 1066 0 0 1067 1082 1083 1071 1075 1075 1075 1075 1075 1075 1075 1084 0 0 1085 1075 1075 1075 1075 1075 1075 1072 1071 1075 1075 1075 1075 1075 1075 1075 1072 1070 1076 1070 1070 1082 1083 1070 1076 1082 1083 1070 1070 1066
1066 0 0 0 0 0 0 1067 1070 1070 1086 1087 1088 1070 1066 10262 10262 1067 1066 0 0 0 0 0 0 0 0 0 0 1067 1070 1070 1070 1082 1083 1066 0 0 1067 1066 10240 10240 1067 1070 1070 1066 0 0 1067 1070 1070 1066 20503 20503 20503 20503 20503 20503 20503 20503 0 0 20503 20503 20503 20503 20503 20503 20503 1067 1066 20503 20503 20503 20503 20503 20503 20503 1067 1070 1070 1071 1064 1064 1064 1064 1064 1064 1064 1064 1072 1066
1066 0 0 0 0 0 0 1067 1070 1070 1073 1089 1090 1070 1066 0 0 1067 1066 0 0 0 0 0 0 0 0 0 0 1067 1070 1071 1075 1075 1075 1084 0 0 1085 1084 0 0 1085 1075 1075 1084 0 0 1085 1075 1072 1066 22 22 22 22 22 22 22 22 0 0 22 22 22 22 22 22 22 1067 1066 22 22 22 22 22 22 22 1067 1077 1078 1066 0 0 0 0 0 0 0 0 1067 1066
1066 0 0 0 0 0 0 1067 1070 1070 1070 1070 1070 1076 1066 0 0 1067 1066 0 0 0 0 27 28 0 0 29 30 1067 1070 1066 20503 20503 20503 20503 0 0 20503 20503 0 0 20503 20503 20503 20503 0 0 20503 20503 1067 1066 0 0 0 0 0 0 0 0 0 0 0 0 0 0 0 0 0 1091 1092 0 0 0 0 0 0 0 1067 1082 1083 1066 0 10240 10240 0 0 0 117 118 1067 1066
1066 0 0 0 0 0 0 1067 1071 1075 1075 1075 1075 1075 1093 0 0 1085 1084 0 0 0 0 1094 51313 52338 54388 53363 1095 1067 1070 1066 22 22 22 22 0 0 22 22 0 0 22 22 22 22 0 0 22 22 1067 1066 0 0 0 0 0 0 0 0 0 0 0 0 0 0 0 0 0 32852 32852 0 0 0 0 0 0 0 1067 1070 1070 1066 0 0 0 0 27 31 31 32 1067 1066
1066 0 0 0 0 0 0 1067 1066 20503 20503 20503 20503 20503 20503 0 0 20503 20503 0 0 0 0 1096 1097 1098 1099 1100 1066 1101 1064 1092 0 0 0 0 0 0 0 0 0 0 0 0 0 0 0 0 0 0 1067 1066 0 0 0 0 0 0 0 0 0 0 0 0 0 0 0 0 0 32852 32852 0 0 0 0 0 0 0 1067 1077 1078 1066 0 0 0 0 1094 1102 1102 1103 1104 1066
1066 0 0 0 0 0 0 1067 1066 22 22 22 22 22 22 0 0 22 22 0 0 0 0 1067 1070 1077 1078 1070 1105 1068 1068 1074 0 0 27 30 0 0 0 0 0 0 0 0 0 0 0 27 30 0 1067 1066 0 0 0 0 0 33 30 0 0 31 34 0 0 0 0 33 30 32852 32852 30 0 0 0 0 0 0 1067 1082 1083 1066 0 0 0 0 1096 1106 1106 1107 1070 1066
1066 0 0 0 0 0 0 1067 1066 0 0 0 0 0 0 0 0 0 0 0 0 0 0 1067 1070 1082 1083 1070 1070 1070 1070 1066 0 0 1094 1095 0 0 0 0 0 0 0 0 0 0 0 1094 1095 0 1067 1066 0 0 4 0 33 50288 1095 5141 5141 1094 49263 34 0 0 33 50288 1102 1108 1108 1095 0 10240 10240 0 27 30 1067 1070 1070 1066 0 0 0 0 1067 1070 1076 1070 1070 1066
1066 0 0 0 0 0 0 1067 1066 0 0 0 0 0 0 0 0 0 0 0 0 0 0 1085 1075 1075 1075 1072 1070 1077 1078 1066 0 0 1085 1084 0 0 0 0 0 0 0 0 0 0 0 1085 1084 0 1067 1066 31 31 5 31 50288 1109 1110 5141 5141 1096 1111 49263 32 31 50288 1109 1106 1070 1112 1084 0 0 0 0 1094 1095 1067 1070 1070 1066 0 0 0 0 1067 1071 1064 1072 1070 1066
1066 0 0 0 0 0 0 1067 1066 0 0 27 32 30 0 0 0 0 0 0 0 0 0 20503 20503 20503 20503 1067 1070 1082 1083 1066 0 0 20503 20503 0 0 0 0 0 0 0 0 0 0 0 20503 20503 0 1067 1113 1102 1102 1114 1102 1109 1070 1066 0 0 1067 1070 1111 1103 1102 1109 1070 1070 1112 20504 20503 0 0 0 0 1096 1110 1067 1070 1076 1066 0 0 0 0 1067 1066 35 1067 1070 1066
1066 0 0 0 0 0 0 1067 1066 0 0 1094 1103 1095 0 0 0 0 0 0 0 0 0 22 22 22 22 1067 1070 1070 1070 1066 0 0 22 22 0 0 0 0 0 0 0 0 0 0 0 22 22 0 1067 1070 1106 1106 1070 1106 1070 1070 1105 1068 1068 1069 1070 1070 1107 1106 1070 1070 1112 20504 20505 22 0 0 0 0 1085 1084 1085 1075 1075 1084 0 0 0 0 1085 1084 36 1085 1072 1066
1066 0 0 0 0 0 0 1067 1066 0 0 1096 1107 1110 0 0 0 0 0 0 0 0 0 0 0 0 0 1067 1079 1080 1081 1066 0 0 0 0 0 0 0 0 0 0 0 0 0 0 0 0 0 0 1067 1071 1064 1064 1064 1064 1064 1064 1064 1064 1064 1064 1033 1034 1035 1036 1037 119 20504 20505 120 0 0 0 0 0 20503 20503 20503 20503 20503 20503 0 0 0 0 20503 20503 36 20503 1067 1066
1066 0 0 0 0 0 0 1067 1066 0 0 1085 1075 1084 0 0 0 0 0 4 0 0 29 37 0 0 0 1067 1086 1087 1088 1066 0 0 0 0 0 0 0 10244 10240 10240 10240 0 27 30 0 0 0 0 1067 1066 0 0 0 0 0 0 0 0 0 0 1038 1039 1040 1041 1042 121 20505 120 0 0 0 0 0 0 22 22 22 22 22 22 0 0 0 0 22 22 36 22 1067 1066
1066 0 0 0 0 0 0 1067 1066 0 0 20503 20503 20503 0 0 0 0 0 5 32 54388 53363 49263 31 32 31 1067 1073 1089 1090 1066 0 0 0 0 27 31 31 5 0 0 0 0 1094 1095 0 0 0 0 1067 1066 32 34 0 0 0 0 0 0 0 0 0 122 0 122 0 0 120 0 0 0 0 0 0 0 0 0 0 0 0 0 0 0 0 0 0 0 36 0 1067 1066
1066 0 0 0 0 0 0 1067 1066 0 0 22 22 22 0 0 0 0 0 1114 1103 1099 1100 1111 1102 1103 1102 1104 1070 1070 1070 1066 0 0 0 0 1094 1102 1102 1114 0 0 0 0 1085 1084 0 0 0 0 1067 1105 1103 49263 34 0 0 0 0 0 0 0 0 1043 0 1043 0 0 0 33 32 30 0 0 0 0 0 0 0 0 0 0 0 0 0 0 0 0 36 0 1067 1066
1066 0 0 0 0 0 0 1067 1066 0 0 0 0 0 0 10240 10240 0 0 1096 1107 1070 1077 1078 1106 1107 1106 1070 1070 1070 1070 1066 0 0 0 0 1096 1106 1106 1066 0 0 0 0 20503 20503 0 0 0 0 1067 1070 1107 1111 49263 34 0 0 0 0 0 0 0 1044 0 1044 0 0 33 50288 1103 1095 0 0 0 0 0 0 0 0 0 0 0 0 0 0 0 0 36 0 1067 1066
1066 0 0 0 0 0 0 1067 1066 0 0 0 0 0 0 0 0 0 0 38 1115 1070 1082 1083 1070 1070 1116 1117 1118 1070 1070 1066 0 0 0 0 1085 1075 1075 1084 0 0 0 0 22 22 0 0 0 0 1067 1079 1080 1081 1111 49263 34 0 0 0 0 0 0 0 0 0 0 33 50288 1109 1107 1066 0 0 0 0 27 30 0 0 0 0 0 0 0 0 0 0 36 0 1067 1066
1066 0 0 0 0 0 0 1067 1066 31 31 37 0 0 0 0 0 0 0 0 38 1115 1070 1070 1076 1070 1119 1120 1121 1070 1070 1066 0 0 0 0 20503 20503 20503 20503 0 0 0 0 0 0 0 0 0 0 1067 1086 1087 1088 1070 1111 49263 34 0 0 0 0 0 0 0 0 33 50288 1109 1070 1070 1066 0 0 0 0 1094 1095 0 0 0 0 0 0 0 0 27 30 36 0 1067 1066
1066 0 0 0 0 0 0 1067 1073 1102 1102 49263 30 30 0 0 0 0 0 0 0 38 1115 1070 1070 1070 1122 1123 1124 1077 1078 1066 0 0 0 0 22 22 22 22 0 0 0 0 0 0 27 30 0 0 1067 1073 1089 1090 1070 1070 1111 49263 0 0 0 0 0 0 0 0 50288 1109 1070 1077 1078 1066 0 0 0 0 1085 1084 0 0 0 0 0 0 0 0 1094 1095 36 0 1067 1066
1066 0 0 0 0 0 0 1067 1070 1106 1106 1111 1095 1095 0 0 0 0 0 0 0 0 38 1064 1072 1070 1125 1126 1127 1082 1083 1066 0 0 27 30 0 0 0 0 0 0 0 0 0 0 1094 1095 0 0 1067 1070 1070 1076 1070 1070 1070 1111 1128 1129 1129 1129 1129 1129 1129 1130 1109 1070 1070 1082 1083 1066 0 10240 10240 0 20503 20503 0 0 0 0 0 0 0 0 1085 1084 36 0 1067 1066
1066 0 0 0 0 0 0 1067 1070 1070 1076 1070 1070 1112 0 0 0 0 0 0 0 0 0 0 1067 1070 1070 1070 1070 1070 1070 1066 0 0 1094 1095 0 0 0 0 0 0 0 0 0 0 1085 1084 0 0 1067 1071 35 1072 1070 1070 1070 1112 1075 1075 1075 1075 1075 1075 1075 1075 1075 1115 1070 1070 1070 1066 0 0 0 0 22 22 0 0 27 30 0 0 0 0 20503 20503 36 0 1067 1066
1066 0 0 0 0 0 0 1067 1070 1070 1070 1070 1112 39 0 0 0 0 0 0 0 0 0 0 1067 1076 1070 1070 1070 1070 1070 1066 0 0 1085 1084 0 0 0 0 0 0 0 0 0 0 20503 20503 0 0 1067 1066 36 1067 1070 1070 1112 20504 20503 20503 20503 20503 20503 20503 20503 20503 20503 38 1115 1070 1070 1066 0 0 0 0 0 0 0 0 1094 1095 0 0 0 0 22 22 36 0 1067 1066
1066 0 0 0 0 0 0 1085 1075 1075 1075 1075 39 0 0 0 0 0 0 0 0 0 0 0 1101 1064 1064 1064 1064 1064 1064 1092 0 0 20503 20503 0 0 0 0 0 0 0 0 0 0 22 22 0 0 1091 1092 36 1101 1064 1064 39 20505 22 22 22 22 22 22 22 22 22 0 38 40 40 41 0 0 0 0 0 0 0 0 1085 1084 0 0 0 0 0 0 36 0 1067 1066
1066 0 0 0 0 0 0 20503 20503 20503 20503 20503 0 0 0 0 0 0 0 0 0 0 0 0 0 0 0 0 0 0 0 0 0 0 22 22 0 0 0 0 0 0 0 0 0 0 0 0 0 0 0 0 36 0 0 0 0 120 0 0 0 0 0 0 0 0 0 0 0 0 0 0 0 0 0 0 0 0 0 0 20503 20503 0 10240 10240 0 4 0 36 0 1067 1066
1066 0 0 0 0 0 0 22 22 22 22 22 0 0 0 0 0 0 0 0 0 0 0 0 0 0 0 0 0 0 33 32 0 0 0 0 0 0 0 0 0 0 0 0 0 0 0 0 0 0 0 0 36 0 0 0 0 0 0 0 0 0 0 0 0 0 0 0 0 0 0 0 0 0 0 0 0 0 0 0 22 22 0 0 0 33 5 0 36 0 1067 1066
1066 0 0 0 0 0 0 0 0 0 0 0 0 0 0 4 0 0 0 0 0 0 0 4 0 0 0 29 32 32 50288 1103 52338 123 4 0 0 0 0 0 0 0 0 0 0 0 0 0 4 0 0 0 36 0 0 0 0 0 0 0 0 0 0 0 0 0 0 0 0 0 32 34 0 0 0 0 0 0 0 0 0 0 0 0 27 50288 1114 0 36 0 1067 1066
1066 31 32 32 31 31 31 32 31 31 32 31 32 31 31 5 31 0 0 0 0 0 0 5 31 32 54388 53363 1103 1103 1109 1107 1098 49263 5 0 0 0 0 0 0 0 0 0 0 0 0 0 5 31 32 31 36 31 34 0 0 0 0 0 0 0 0 0 0 0 0 0 33 54388 1103 49263 34 4 0 0 0 0 0 0 0 0 0 0 1094 1109 1066 19564 19565 19564 1067 1066
1073 1102 1103 1103 1102 1102 1102 1103 1102 1102 1103 1102 1103 1102 1102 1114 1102 124 124 124 124 124 124 1114 1102 1103 1099 1100 1107 1107 1077 1078 1070 1111 1114 124 124 124 124 124 124 124 124 124 124 124 124 124 1114 1102 1103 1102 1060 1102 49263 34 4 0 0 0 0 0 0 0 0 0 0 33 50288 1099 1107 1111 49263 5 0 0 0 0 0 0 0 0 0 0 1096 1076 1066 19566 19566 19566 1067 1066
1070 1106 1107 1107 1106 1106 1106 1107 1106 1106 1107 1106 1107 1106 1106 1070 1066 20506 20506 20506 20506 20506 20506 1067 1106 1107 1070 1070 1070 1070 1082 1083 1070 1070 1066 20506 20506 20506 20506 20506 20506 20506 20506 20506 20506 20506 20506 20506 1067 1106 1071 1064 36 1064 1111 49263 5 30 124 124 124 124 124 124 124 124 27 50288 1109 1070 125 1070 1111 1114 124 124 124 124 124 124 124 124 124 124 1067 1070 1105 1068 1068 1068 1104 1066
1070 1070 1070 1070 1070 1070 1070 1070 1070 1070 1070 1077 1078 1070 1070 1070 1105 1131 1131 1131 1131 1131 1131 1104 1076 1070 1070 1070 1070 1070 1070 1070 1070 1070 1105 1131 1131 1131 1131 1131 1131 1131 1131 1131 1131 1131 1131 1131 1104 1070 1066 19564 19565 19564 1067 1111 1114 1095 20506 20506 20506 20506 20506 20506 20506 20506 1094 1109 1070 1070 1070 1070 1070 1066 20506 20506 20506 20506 20506 20506 20506 20506 20506 20506 1067 1070 1070 1070 1070 1070 1070 1066
1070 1070 1070 1070 1070 1070 1070 1070 1070 1070 1070 1082 1083 1070 1070 1070 1070 1070 1070 1070 1070 1070 1070 1070 1070 1070 1070 1070 1070 1070 1070 1070 1070 1070 1070 1070 1070 1070 1070 1070 1070 1070 1070 1070 1070 1070 1070 1070 1070 1070 1066 19566 19566 19566 1067 1070 1070 1066 1131 1131 1131 1131 1131 1131 1131 1131 1104 1070 1070 1070 1070 1070 1070 1105 1131 1131 1131 1131 1131 1131 1131 1131 1131 1131 1104 1070 1070 1070 1070 1070 1070 1066
1064 1064 1064 1064 1064 1064 1064 1064 1064 1064 1064 1064 1064 1064 1064 1064 1064 1064 1064 1064 1064 1064 1064 1064 1064 1064 1064 1064 1064 1064 1064 1064 1064 1064 1064 1064 1064 1064 1064 1064 1064 1064 1064 1064 1064 1064 1064 1064 1064 1064 1064 1064 1064 1064 1064 1064 1064 1092 1101 1064 1064 1064 1064 1064 1064 1064 1064 1064 1064 1064 1064 1064 1064 1064 1064 1064 1064 1064 1064 1064 1064 1064 1064 1064 1064 1064 1064 1064 1064 1064 1064 1092
