65 79
1072 1099 1072 1065 1072 1065 1072 1091 1100 1065 1072 1065 1072 1065 1072 1065 1072 1065 1072 1065 1072 1065 1072 1065 1072 1065 1072 1091 1100 1065 1072 1065 1072 1065 1072 1065 1072 1065 1072 1065 1072 1065 1101 1102 1072 1065 1101 1065 1092 1065 1103 1065 1104 1065 1072 1065 1072 1065 1072 1065 1072 1065 1072 1065 1072
1065 1072 1088 1072 1099 1072 1065 1105 1106 1072 1079 25 1107 25 1107 25 1107 25 1107 25 1107 25 1107 25 1107 25 1065 1105 1106 1072 1065 1072 1065 1072 1065 1072 1065 1072 1065 1072 1065 1072 1108 1109 1074 1110 1111 1072 1112 1067 1102 1103 1099 1072 1065 1072 1065 1072 1065 1072 1065 1072 1065 1072 1065
1072 1065 1092 1065 1072 1065 1072 1088 1110 1079 26 0 0 0 0 0 0 0 0 0 0 0 0 0 0 0 1054 1088 1110 1065 1072 1065 1072 1065 1072 1065 1072 1065 1072 1065 1072 1065 1113 1114 1072 1115 1103 1065 1116 1065 1072 1117 1118 1065 1072 1065 1072 1065 1072 1065 1072 1065 1072 1065 1072
1065 1072 1099 1103 1119 1120 1099 1092 1091 1121 0 0 0 0 0 0 0 0 27 0 0 0 0 0 27 0 1071 1092 1091 1072 1065 1072 1065 1072 1065 1072 1065 1072 1065 1072 1065 1072 1122 1123 1065 1124 1102 1072 1065 1072 1065 1125 1108 1072 1065 1072 1065 1072 1065 1072 1065 1072 1065 1072 1065
1072 1099 1072 1102 1077 1078 1072 1112 1105 1085 0 10240 10240 0 0 0 0 28 29 0 0 28 0 0 29 0 30 1112 1105 1065 1072 1065 1072 1065 1072 1065 1072 1065 1072 1065 1072 1065 1123 1066 1067 1102 1100 1126 1072 1065 1116 1065 1103 1065 1072 1065 1072 1065 1072 1065 1072 1065 1072 1065 1072
1065 1072 1065 1072 1065 1072 1088 1127 1128 1121 0 0 0 0 31 32 33 34 35 32 33 34 33 32 35 32 36 1127 1128 1072 1065 1072 1065 1072 1065 1072 1065 1072 1065 1072 1065 1072 1069 1070 1065 1072 1129 1130 1065 1067 1131 1072 1131 1072 1065 1072 1065 1072 1065 1072 1065 1072 1065 1072 1065
1072 1065 1072 1065 1101 1065 1092 1132 1070 1085 0 0 0 0 1133 1134 1135 1134 1135 1134 1135 1134 1135 1134 1135 1134 1136 1132 1070 1065 1072 1065 1072 1065 1072 1065 1072 1065 1072 1065 1072 1065 1072 1065 1072 1065 1072 1065 1072 1065 1072 1065 1072 1065 1072 1065 1101 1102 1072 1065 1101 1065 1092 1065 1103
1065 1072 1065 1110 1111 1072 1112 1067 1065 1121 0 0 0 0 1137 1138 1139 1138 1139 1138 1139 1138 1139 1138 1139 1138 1140 1072 1065 1072 1065 1072 1065 1072 1065 1072 1065 1072 1065 1072 1065 1072 1065 1072 1065 1072 1065 1072 1119 1120 1065 1072 1065 1072 1065 1072 1108 1109 1074 1110 1111 1072 1112 1067 1102
1072 1065 1072 1115 1103 1065 1116 1065 1116 1085 0 0 0 0 32993 32994 1127 1128 1072 1119 1120 1065 1072 1065 1072 1065 1072 1065 1072 1065 1072 1065 1072 1065 1072 1065 1072 1065 1072 1065 1072 1065 1072 1065 1072 1065 1072 1065 1077 1078 1072 1065 1072 1065 1072 1065 1113 1114 1072 1115 1103 1065 1116 1065 1072
1065 1072 1066 1124 1102 1072 1065 1103 1065 1121 0 0 0 0 229 32993 1132 1070 1102 1077 1078 1072 1065 1072 1141 1142 1143 37 1144 1145 1065 1072 1065 1072 1065 1101 1102 1072 1065 1101 1065 1092 1065 1103 1065 1104 1065 1072 1065 1072 1065 1072 1065 1072 1065 1072 1122 1123 1065 1124 1102 1072 1065 1072 1065
1072 1065 1070 1102 1100 1126 1103 1065 32994 32993 0 0 0 0 32993 32994 1146 1108 1103 1074 1072 1065 1072 1147 38 39 40 0 0 1089 1145 1065 1072 1065 1072 1108 1109 1074 1110 1111 1072 1112 1067 1102 1103 1099 1101 1102 1072 1065 1101 1065 1092 1065 1103 1065 1123 1066 1067 1102 1100 1126 1072 1065 1116
1065 1072 1115 1072 1129 1130 1065 1067 32993 229 0 0 0 0 1071 1116 1148 1113 1114 1072 1147 1149 1150 1050 0 0 0 0 0 0 1151 1145 1065 1072 1065 1113 1114 1072 1115 1103 1065 1116 1065 1072 1117 1118 1108 1109 1074 1110 1111 1072 1112 1067 1102 1103 1069 1070 1065 1072 1129 1130 1065 1067 1131
1072 1065 1152 1065 1072 1065 1103 1065 32994 32993 0 0 0 0 1054 1065 1153 1122 1123 41 12385 0 0 0 0 0 0 0 0 0 0 1071 1072 1065 1072 1122 1123 1065 1124 1102 1072 1065 1072 1065 1125 1108 1113 1114 1072 1115 1103 1065 1116 1065 1072 1117 1118 1065 1072 1065 1072 1065 1072 1065 1072
1065 1072 1066 1072 1065 1101 1088 1104 1114 1121 0 0 0 0 32993 32994 1065 1123 42 43 44 0 27 0 0 0 0 0 0 0 27 1054 1065 1072 1065 1123 1066 1067 1102 1100 1126 1072 1065 1116 1065 1103 1122 1123 1065 1124 1102 1072 1065 1072 1065 1125 1108 1072 1065 1072 1065 1072 1065 1072 1065
1072 1065 1070 1065 1146 1108 1092 1074 1116 1085 0 0 0 0 229 32993 1072 45 46 41 12385 28 29 0 0 0 0 0 0 0 29 47 1072 1065 1072 1069 1070 1065 1072 1129 1130 1065 1067 1131 1072 1131 1123 1066 1067 1102 1100 1126 1072 1065 1116 1065 1103 1065 1072 1065 1072 1065 1072 1065 1072
1065 1072 1154 1072 1148 1113 1114 1072 32994 32993 0 0 0 0 32993 32994 41 48 41 48 12502 34 35 32 0 230 0 0 0 0 35 49 1065 1072 1065 1072 1065 1072 1065 1072 1065 1072 1065 1072 1065 1072 1069 1070 1065 1072 1129 1130 1065 1067 1131 1072 1131 1082 1102 1103 1119 1120 1099 1100 1155
1072 1065 1156 1065 1153 1122 1123 1065 32993 229 0 0 0 0 30 41 48 41 48 50217 1157 1134 1135 1134 49379 0 230 0 0 50404 1135 1158 1072 1065 1072 1065 1072 1065 1072 1065 1072 1065 1072 1065 1072 1065 1072 1065 1072 1065 1072 1065 1072 1065 1072 1065 1125 1114 1067 1102 1077 1078 1072 1129 1130
1065 1100 1126 1072 1065 1123 1066 1067 32994 32993 0 0 0 0 47 48 41 48 50217 1072 1159 1138 1139 1138 1160 49379 33 32 50404 1161 1139 1104 1065 1072 1114 1162 1122 1130 1119 1120 1065 1123 1065 1163 1065 1072 1065 1072 1065 1072 1065 1072 1065 1072 1065 1072 1065 1164 1065 1072 1065 1072 1088 1104 1114
1072 1165 1166 1065 1072 1069 1070 1065 1072 1085 0 0 0 0 32993 32994 1072 1065 1072 1065 1072 1065 1072 1065 1167 1160 1135 1134 1161 1168 1072 1065 1072 1065 1104 1114 1169 1066 1077 1078 1072 1170 1072 1088 1072 1065 1072 1065 1072 1065 1092 1065 1103 1065 1104 1065 1101 1102 1072 1065 1101 1065 1092 1065 1103
1065 1072 1065 1072 1065 1072 1066 1072 1065 1121 0 0 0 0 229 32993 1065 1072 1065 1072 1065 1072 1065 1072 1065 1167 1139 1138 1168 1072 1065 1072 1065 1072 1148 1113 1065 1070 1065 1072 1074 1110 1111 1092 1065 1072 1088 1104 1114 1072 1112 1067 1102 1103 1099 1146 1108 1109 1074 1110 1111 1072 1112 1067 1102
1072 1099 1171 1081 1118 1065 1070 1065 32994 32993 0 0 0 0 32993 32994 1072 1065 1072 1065 1072 1065 1072 1065 1072 1065 1072 1065 1072 1065 1072 1065 1072 1065 1162 1122 1116 50 48 41 1110 1115 1172 1112 1072 1065 1092 1065 1103 1065 1116 1065 1072 1117 1118 1148 1113 1114 1072 1115 1103 1065 1116 1065 1072
1065 1172 1173 1174 1108 1072 1115 1072 32993 229 0 0 0 0 1089 25 1107 25 1107 25 1065 1072 1079 25 1107 25 1107 25 1107 25 1107 25 1107 25 1107 25 1107 25 1107 25 1107 25 1107 25 1065 1072 1112 1067 1102 1072 1065 1072 1065 1125 1108 1153 1122 1123 1065 1124 1102 1072 1065 1072 1065
1072 1099 1072 1065 1116 1065 1152 1065 32994 32993 0 0 0 0 0 0 0 0 0 0 1054 1079 26 0 0 0 0 0 0 0 0 0 0 27 0 0 0 0 0 0 0 0 0 0 1054 1065 1116 1065 1072 1126 1072 1065 1116 1065 1103 1065 1123 1066 1067 1102 1100 1126 1072 1065 1116
1065 1072 1065 1104 1065 1072 1066 1072 1065 1121 0 0 0 0 0 0 0 0 0 0 1071 1121 0 0 0 0 0 0 0 0 0 0 0 29 0 0 28 0 0 0 0 0 0 0 1071 1072 1065 1072 1065 1130 1065 1067 1131 1072 1131 1072 1069 1070 1065 1072 1129 1130 1065 1067 1131
1072 1114 1104 1119 1120 1065 1070 1065 1072 1085 0 0 0 0 0 0 0 0 0 0 1054 1085 0 0 0 0 0 0 0 0 0 0 51 35 32 33 34 33 32 52 0 0 0 0 1054 1119 1120 1065 1072 1079 25 1107 25 1065 1072 1065 1072 1065 1072 1065 1072 1065 1072 1065 1072
1065 1104 1065 1077 1078 1072 1154 1072 1175 1121 0 0 0 0 0 0 0 0 0 0 1071 1121 0 0 0 0 0 0 0 0 0 0 1176 1135 1134 1135 1134 1135 1134 1177 0 0 0 0 47 53 54 48 55 26 0 0 0 1054 1065 1072 1065 1072 1065 1072 1065 1072 1065 1072 1065
1072 1081 1118 1065 1100 1065 1156 1178 1120 1085 0 0 0 0 0 27 0 0 0 0 1054 1085 0 0 0 0 0 0 0 0 0 0 1179 1139 1138 1139 1138 1139 1138 1180 0 0 0 0 30 41 48 41 12385 0 0 0 0 47 1072 1065 1072 1065 1072 1065 1072 1065 1072 1065 1072
1065 1072 1065 1072 1065 1072 1065 1077 1181 56 0 0 0 0 0 29 28 0 0 0 1071 1121 0 0 0 0 0 0 0 0 0 0 1071 1072 1114 1162 1122 1116 1079 26 0 0 0 0 47 48 57 58 12502 32 33 32 33 49 1065 1072 1065 1072 1065 1072 1065 1072 1065 1072 1065
1072 1079 25 1107 25 1107 25 1107 56 0 0 0 0 0 51 35 34 52 9 10 1054 1085 0 0 0 0 0 1182 1183 1183 1184 0 1054 1065 1072 1065 1072 1079 26 0 0 0 0 27 1054 1088 1125 1114 1157 1134 1135 1134 1135 1158 1164 1065 1103 1091 1185 1186 1103 1065 1072 1065 1072
1079 26 0 0 0 0 0 0 0 0 0 0 0 0 1176 1135 1134 1177 4105 4106 1071 1121 0 0 0 0 0 0 0 0 0 0 1071 1072 1065 1185 1186 1121 0 0 0 0 28 29 47 1092 1065 1103 1159 1138 1139 1138 1139 1104 1187 1082 1102 1105 1081 1082 1065 1092 1065 1103 1065
1121 0 0 0 0 0 0 0 0 0 0 0 0 0 1179 1139 1138 1180 3081 3082 1054 1085 0 0 0 0 0 0 0 0 0 0 1054 1119 1120 1088 1072 1068 0 0 51 33 34 35 49 1112 1067 1102 1072 1065 1072 1065 1072 1065 1125 1119 1120 1065 1125 1114 1072 1112 1067 1102 1103
1085 0 0 0 0 0 0 0 0 0 0 10240 10240 0 1089 1094 1095 1188 3081 3082 1071 1121 1189 1190 1190 1191 0 0 0 0 0 0 1071 1077 1078 1092 1114 1121 0 0 1176 1135 1134 1135 1158 1116 1065 1185 1186 1072 1065 1072 1065 1072 1065 1077 1078 1072 1065 1164 1065 1116 1065 1072 1117
1121 0 0 0 0 0 0 0 0 0 0 0 0 0 0 0 0 0 3081 3082 1054 1192 0 0 0 0 0 0 0 0 0 0 1054 1088 1072 1114 1164 1068 0 0 1179 1139 1138 1139 1104 1065 1072 1081 1082 1065 1185 1186 1072 1065 1164 1065 1103 1065 1101 1102 1072 1065 1072 1065 1125
1085 0 0 0 0 0 0 0 0 0 0 0 0 0 0 0 0 0 3081 3082 59 26 0 0 0 0 0 0 0 0 0 0 1071 1092 1114 1072 1114 1121 0 0 1071 1072 1065 1072 1091 1185 1114 1125 1114 1072 1081 1082 1065 1072 1065 1193 1194 1146 1108 1109 1126 1072 1065 1116 1065
1121 0 0 0 0 0 0 0 0 0 0 0 0 0 0 0 0 0 3081 3082 0 0 0 0 0 0 0 1182 1183 1183 1184 0 1054 1114 1164 1065 1072 60 0 0 1054 1065 1185 1186 1103 1088 1072 1065 1072 1065 1125 1114 1072 1065 1072 1129 1130 1148 1113 1114 1130 1065 1067 1131 1072
1085 0 0 0 0 0 0 0 0 0 0 0 0 0 0 0 0 0 3081 3082 0 0 0 0 0 0 0 0 0 0 0 0 1071 1072 1114 1072 1079 26 0 0 1071 1164 1088 1072 1102 1092 1114 1072 1065 1072 1065 1072 1065 1072 1128 1104 1114 1153 1122 1123 1065 1072 1065 1072 1065
1121 0 0 0 0 27 0 0 0 0 0 0 0 0 0 0 0 0 3081 3082 0 0 0 0 0 0 0 0 0 0 0 0 1054 1065 1072 1079 26 0 0 0 1054 1065 1092 1114 1185 1065 1072 1065 1072 1065 1072 1065 1072 1065 1072 1065 48 1065 1072 1065 1072 1065 1072 1065 1072
61 0 28 0 0 29 28 0 0 0 0 0 0 0 0 0 0 0 3081 3082 0 0 1189 1190 1190 1191 0 0 0 0 0 0 1071 1164 1079 26 0 0 0 0 1071 1072 1114 1164 1081 1072 1065 1072 1141 1142 1143 37 1144 1145 1065 1072 41 1072 1065 1072 1065 1072 1065 1072 1065
62 33 34 33 32 35 34 33 32 52 0 0 51 52 0 0 51 33 3081 3082 0 0 0 0 0 0 0 0 0 0 0 0 1054 1114 1121 27 0 0 0 0 1054 1091 1072 1114 1125 1065 1072 1147 38 39 40 0 0 1089 1145 1065 1164 1065 1103 1091 1185 1186 1103 1065 1072
1195 1135 1134 1135 1134 1135 1134 1135 1134 1177 5131 5131 1176 1177 0 0 1176 1135 1134 1196 231 232 231 232 231 232 231 232 231 232 231 232 1071 1072 44 29 28 0 0 0 1071 1072 1065 1072 1147 1149 1150 1050 0 0 0 0 0 0 1151 1145 1187 1082 1102 1105 1081 1082 1102 1072 1065
1118 1139 1138 1139 1138 1139 1138 1139 1138 1180 0 0 1179 1180 0 0 1179 1139 1138 1197 20495 20496 20495 20496 20495 20496 20495 20496 20495 20496 20495 20496 1073 1065 63 35 34 52 0 0 1054 1119 1120 1099 1198 0 0 0 0 0 0 0 0 0 0 1071 1125 1119 1120 1065 1125 1114 1067 1065 1072
1091 1092 1065 1072 1199 1072 1065 1072 1200 1121 0 0 1071 1121 5131 5131 1071 1072 1065 1157 1134 1135 1134 1135 1134 1135 1134 1135 1134 1135 1134 1135 1158 1072 1195 1135 1134 1177 0 0 1071 1077 54 48 12332 0 0 0 0 0 0 0 0 0 0 1054 1065 1077 1078 1072 1065 1164 1065 1072 1065
1201 1112 1072 1065 1118 1065 1072 1199 1072 1192 0 0 1054 1068 0 0 1054 1065 1072 1159 1138 1139 1138 1139 1138 1139 1138 1139 1138 1139 1138 1139 1104 1065 1118 1139 1138 1180 0 0 30 41 48 64 12385 0 0 0 0 0 0 0 0 0 0 47 1164 1065 1103 1065 1101 1102 1072 1065 1072
1199 1072 1170 1072 1079 25 1202 25 1202 26 0 0 1071 1121 0 0 1089 1145 1065 1072 1117 1118 1111 1072 1112 1067 1111 1072 1112 1067 1065 1110 1111 1072 1112 1067 1065 1121 0 0 65 66 67 68 12502 32 33 32 0 0 0 0 0 0 33 49 1065 1193 1194 1146 1108 1109 1074 1072 1065
1118 1200 1110 1079 26 0 0 27 0 0 0 0 1054 1068 0 0 0 1089 1145 1065 1125 1119 1120 1088 1072 1065 1103 1065 1116 1065 1072 1115 1103 1065 1116 1119 1120 1068 0 0 0 65 1145 1114 1157 1134 1135 1134 49379 0 230 0 0 50404 1135 1158 1072 1129 1130 1148 1113 1114 1072 1065 1072
1065 1072 55 26 0 0 28 29 0 0 0 0 1071 1121 0 0 0 0 1089 1145 1065 1077 1078 1092 1065 1072 1065 1072 1065 1067 1111 1072 1112 1072 1065 1077 1078 1121 0 0 0 0 47 1072 1159 1138 1139 1138 1160 49379 33 32 50404 1161 1139 1104 1128 1104 1114 1153 1122 1123 1065 1072 1065
1072 1065 63 33 32 33 34 35 32 52 0 0 1054 1068 0 0 0 0 0 1089 1145 1117 1118 1114 1072 1065 1067 1111 1072 1112 1103 1065 1116 1065 1072 1099 1100 1068 0 0 51 33 69 1091 1072 1065 1072 1065 1167 1160 1135 1134 1161 1168 1072 1065 1072 1065 1072 1065 1072 1065 1072 1065 1072
1203 1072 1195 1135 1134 1135 1134 1135 1134 1177 32994 32994 1071 1121 0 0 0 0 0 0 1071 1125 1108 1072 1065 1072 1065 1103 1065 1116 1065 1072 1065 1072 1065 1072 1129 1121 0 0 1176 1135 1204 1082 1065 1072 1065 1072 1065 1167 1139 1138 1168 1072 1065 1072 1065 1072 1065 1072 1065 1072 1065 1072 1065
1205 1065 1118 1139 1138 1139 1138 1139 1138 1180 32993 32993 1054 1068 0 0 0 0 0 0 1054 1203 1072 1065 1072 1065 1072 1065 1072 1088 1104 1065 1072 1065 1072 1088 1104 1068 0 0 1179 1139 1072 1079 1145 1065 1072 1081 1082 1065 1072 1206 25 1202 25 1202 25 1202 25 1202 25 1065 1169 1114 1169
1065 1207 1199 1072 1170 1201 1119 1120 1065 1121 0 0 1071 1087 231 0 0 0 0 0 1071 1205 1065 1109 1065 1109 1065 1109 1065 1092 1065 1072 1065 1072 1065 1092 1065 1121 0 0 65 70 71 72 1071 1072 1079 1208 1209 1145 1206 1050 0 0 0 0 0 0 0 0 0 1054 1065 1113 1065
1072 1210 1118 1200 1110 1186 1077 1078 1072 1079 0 0 1054 1211 20497 231 0 0 0 0 1054 1065 1072 1065 1072 1065 1072 1065 1072 1065 1072 1065 1072 1102 1072 1065 1067 1068 0 0 0 0 0 0 1054 1079 1050 20498 20499 1071 1121 0 0 0 0 27 0 0 0 0 0 1071 1116 1122 1116
1079 25 1202 25 1202 25 1079 1145 1079 26 0 0 1071 1212 1160 20497 231 0 0 0 1071 1109 1065 1072 1065 1072 1065 1072 1102 1072 1065 1072 1119 1120 1065 1072 1065 1121 0 0 0 0 27 0 1089 1050 0 233 234 1054 1085 0 0 0 0 29 0 0 0 0 0 1054 1111 1213 1111
1121 0 0 0 0 0 0 65 26 0 0 27 1054 1065 1167 1160 20497 231 0 0 1054 1065 1109 1065 1109 1065 1072 1119 1120 1065 1109 1065 1077 1078 1109 1074 1072 1068 0 0 0 28 29 0 0 0 0 0 0 1071 1121 0 0 0 51 35 32 52 0 0 0 1071 1118 1081 1118
1085 229 0 0 0 0 0 0 0 0 0 29 47 1072 1065 1167 1160 20497 0 0 1071 1072 1065 1072 1065 1109 1065 1077 1078 1109 1088 1072 1114 1072 1102 1072 1065 1121 0 0 33 34 35 32 33 73 0 0 0 1214 1085 0 0 0 1176 1135 1134 1177 0 0 0 1054 1175 1125 1215
1121 0 0 0 0 0 0 0 0 31 32 35 49 1119 1120 1065 1167 1216 0 0 1054 1203 1109 1065 1109 1065 1072 1114 1072 1065 1092 1065 1109 1074 1109 1074 1072 1217 74 74 1135 1134 1135 1134 1135 1218 0 0 0 0 0 0 0 0 1179 1139 1138 1180 0 0 0 1071 1072 1065 1072
1219 0 0 0 0 1182 1183 1183 1184 1220 1134 1135 1158 1077 1078 1072 1065 1221 0 0 1071 1205 1065 1072 1065 1072 1065 1072 1065 1072 1065 1072 1102 1072 1102 1072 1065 1222 19677 19678 1223 1138 1139 1138 1139 1224 0 0 0 0 27 0 0 0 1089 1094 1095 1188 0 0 0 1054 1114 1169 1065
1121 0 0 27 0 0 0 0 0 1225 1138 1139 32993 32994 1072 1065 1072 1085 0 0 1054 1119 1120 1065 1072 1065 1109 1088 1109 1065 1109 1065 1109 1074 1072 1119 1120 1226 19679 19680 1227 1065 1072 1065 1072 1068 0 0 0 0 29 28 0 0 0 0 0 0 0 0 0 1071 1113 1065 1072
1085 0 28 29 0 0 0 0 0 40 65 26 235 236 1065 1072 1065 1121 0 0 1071 1077 1078 1072 1065 1072 1065 1092 1065 1072 1065 1072 1102 1072 1065 1077 1078 1072 1139 1138 1228 1072 1091 1185 1186 1198 0 3081 3082 51 35 34 33 73 0 0 0 0 0 0 0 1054 1122 1116 1065
63 33 34 35 32 0 230 0 0 27 0 0 13 14 1054 1065 1072 1085 0 0 1054 1065 1072 1065 1109 1065 1109 1065 1109 1065 1109 1065 1109 1074 1072 1114 1072 1065 1072 1122 1123 1065 1124 1081 1082 1068 0 4105 4106 1176 1135 1134 1135 1218 0 0 0 0 0 0 0 1071 1213 1111 1072
1195 1135 1134 1135 1134 49379 0 0 0 29 0 0 11277 11278 1071 1072 1203 1121 0 0 1071 1072 1229 20500 65 25 1107 25 1107 25 1107 1145 1079 25 1202 25 1202 25 1202 25 1202 25 1202 25 1079 26 0 3081 3082 1179 1139 1138 1139 1224 0 0 0 0 0 0 0 1054 1119 1120 1065
1118 1139 1138 1139 1138 1160 49379 33 32 35 32 52 0 0 1054 1065 1205 1085 0 0 20501 1230 20502 233 0 0 0 0 0 0 0 65 26 0 0 0 0 0 0 0 0 0 0 0 0 0 0 3081 3082 1083 25 1202 25 1202 0 0 0 0 0 0 0 47 1077 1078 1072
1065 1072 1065 1072 1065 1167 1160 1135 1134 1135 1134 1177 0 0 65 1145 1065 1121 0 0 20498 20503 237 0 0 0 0 0 0 0 0 0 0 0 0 0 0 0 0 0 0 0 0 0 0 0 0 3081 3082 0 0 0 0 0 0 0 0 51 33 32 33 49 1065 1072 1065
1072 1065 1072 1065 1072 1065 1167 1139 1138 1139 1138 1180 0 0 0 65 1145 1085 0 0 233 234 0 32993 32994 0 0 0 0 0 0 0 0 0 0 0 0 0 0 0 0 0 0 0 0 0 0 3081 3082 0 0 0 0 0 0 0 0 1176 1135 1134 1135 1158 1072 1065 1072
1065 1072 1079 25 1107 25 1107 25 1107 25 1107 26 0 0 0 0 47 1121 0 0 0 0 0 3081 3082 0 0 0 0 0 0 0 0 0 0 0 0 0 0 0 0 0 0 0 0 0 0 3081 3082 0 0 0 0 0 0 0 0 1179 1139 1138 1139 1104 1065 1072 1065
1072 1079 26 0 0 0 0 0 0 0 0 0 0 0 51 33 49 1085 0 0 0 0 0 3081 3082 0 0 0 0 0 0 0 0 0 0 0 0 0 0 0 0 0 0 0 0 0 0 3081 3082 0 0 0 0 0 0 0 0 1089 25 1202 25 1065 1072 1065 1072
1065 1121 1231 1232 0 0 27 0 0 0 27 0 0 0 1176 1135 1158 1121 0 0 0 0 0 3081 3082 0 0 0 0 0 0 0 0 0 0 0 0 0 0 0 0 0 0 0 0 0 50404 1135 1218 0 0 0 0 0 0 0 0 0 0 0 0 1054 1066 1100 1194
1072 61 0 0 0 28 29 28 0 0 29 0 0 0 1179 1139 1104 1085 0 0 0 0 0 3081 3082 0 0 0 0 0 0 0 0 0 0 0 0 0 0 0 0 0 0 0 0 50404 1161 1139 1224 0 0 0 0 0 0 0 0 0 0 238 239 47 1070 1165 1130
1065 63 0 0 33 34 35 34 33 32 35 32 0 0 1071 1072 1203 1121 0 0 0 0 0 3081 3082 10240 0 0 0 0 0 0 10240 0 27 0 27 0 0 1231 1232 0 0 0 50404 1161 1168 1072 1085 0 0 0 0 0 0 51 33 32 33 32 33 49 1233 1169 1114
1072 1195 1234 1235 1135 1134 1135 1134 1135 1134 1135 1219 21528 21528 1236 1065 1205 1085 0 0 231 232 0 3081 3082 10240 0 0 0 0 0 0 10240 28 29 28 29 0 0 0 0 28 0 50404 1161 1168 1072 1065 1121 0 0 0 0 0 0 1176 1135 1134 1135 1134 1135 1158 1237 1175 1123
1065 1118 1139 1138 1139 1138 1139 1138 1139 1138 1139 1224 0 0 1071 1104 1065 1121 0 0 20495 20496 0 0 0 10240 0 0 0 0 0 0 10252 34 35 34 35 32 33 0 0 34 50404 1161 1168 1072 1119 1120 1085 0 0 22528 22528 0 0 1179 1139 1138 1139 1138 1139 1104 1069 1072 1115
1072 1065 1072 1065 1072 1065 1072 1088 1072 1186 1072 1238 32 33 1073 1119 1120 1085 0 0 1135 1218 0 0 0 0 0 0 0 0 0 0 1133 1134 1135 1134 1135 1134 1135 1234 1235 1134 1161 1168 1072 1065 1077 1078 1121 231 232 231 232 231 232 1071 1072 1239 1072 1239 1207 1199 1072 1178 1120
1186 1103 1065 1072 1065 1072 1065 1092 1065 1082 1065 1157 1134 1135 1158 1077 1078 1121 0 0 1139 1224 0 0 0 0 0 0 0 0 0 0 1137 1138 1139 1138 1139 1138 1139 1138 1139 1138 1168 1072 1065 1072 1065 1123 1238 20495 20496 20495 20496 20495 20496 1073 1119 1120 1240 1201 1210 1118 1065 1077 1078
1082 1102 1103 1119 1120 1099 1100 1065 1072 1065 1104 1159 1138 1139 1100 1203 1241 1238 22560 22561 1093 1085 0 0 0 0 0 0 0 0 0 0 1054 1091 1241 1065 1116 1242 1072 1099 1072 1065 1072 1065 1072 1065 1072 1243 1157 1134 1135 1134 1135 1134 1135 1158 1077 1078 1201 1065 1072 1065 1072 1065 1072
1114 1067 1102 1077 1078 1072 1129 1072 1065 1104 1065 1072 1065 1072 1242 1205 1244 1157 1134 1135 1204 1121 231 232 231 232 231 232 231 232 231 232 1071 1205 1131 1116 1099 1092 1065 1103 1119 1120 1099 1100 1155 1072 1170 1201 1159 1138 1139 1138 1139 1138 1139 1104 1065 1072 1239 1072 1065 1072 1065 1072 1065
1164 1065 1104 1065 1072 1088 1104 1186 1103 1065 1072 1065 1072 1065 1092 1065 1072 1159 1138 1139 1072 1238 20495 20496 20495 20496 20495 20496 20495 20496 20495 20496 1073 1099 1072 1099 1072 1065 1072 1102 1077 1078 1072 1129 1130 1065 1072 1065 1072 1065 1072 1239 1072 1239 1072 1239 1201 1112 1072 1066 1100 1194 1104 1114 1169
1102 1072 1065 1101 1065 1092 1065 1082 1102 1103 1119 1120 1099 1100 1065 1100 1203 1241 1065 1104 1065 1157 1134 1135 1134 1135 1134 1135 1134 1135 1134 1135 1158 1103 1065 1072 1099 1100 1155 1072 1065 1072 1088 1104 1114 1072 1081 1082 1102 1103 1065 1072 1239 1072 1065 1207 1199 1072 1065 1070 1165 1130 1148 1113 1065
1104 1074 1110 1111 1104 1112 1067 1114 1067 1102 1077 1078 1072 1129 1072 1242 1205 1244 1104 1099 1072 1159 1138 1139 1138 1139 1138 1139 1138 1139 1138 1139 1104 1102 1100 1065 1072 1129 1130 1065 1101 1065 1092 1065 1103 1065 1125 1114 1067 1102 1072 1065 1072 1065 1072 1210 1118 1200 1072 1233 1169 1114 1162 1122 1116
1065 1072 1065 1164 1065 1072 1065 1164 1065 1072 1065 1072 1088 1104 1065 1092 1065 1072 1091 1072 1065 1072 1065 1104 1091 1241 1065 1116 1242 1205 1065 1072 1065 1072 1129 1072 1088 1104 1114 1110 1111 1072 1112 1067 1102 1072 1065 1164 1065 1072 1065 1072 1065 1072 1065 1072 1065 1072 1065 1237 1175 1123 1175 1213 1111
1072 1065 1072 1065 1072 1065 1072 1102 1072 1065 1101 1065 1092 1065 1072 1065 1072 1065 1116 1074 1072 1065 1104 1099 1205 1131 1116 1065 1092 1065 1072 1065 1072 1065 1101 1065 1092 1065 1103 1065 1072 1065 1072 1065 1072 1065 1101 1102 1072 1065 1072 1065 1072 1065 1072 1065 1072 1065 1072 1069 1072 1115 1105 1081 1118
