101 37
1081 1104 1105 1059 1105 1059 1105 1059 1105 1059 1105 1059 1105 1059 1105 1059 1105 1059 1105 1059 1105 1059 1105 1059 1105 1059 1105 1059 1105 1059 1105 1059 1105 1059 1105 1059 1105 1059 1105 1059 1105 1059 1106 1083 1107 1108 1084 1083 1084 1083 1084 1104 1105 1059 1105 1059 1105 1059 1105 1059 1105 1059 1105 1059 1105 1059 1105 1059 1105 1059 1105 1109 1084 1083 1110 1083 1069 1089 1090 1111 1112 1083 1084 1104 1105 1059 1105 1059 1105 1059 1105 1059 1105 1059 1105 1059 1105 1059 1105 1059 1106
1083 1075 0 0 0 0 0 0 0 0 0 0 0 0 0 0 0 0 0 0 0 0 0 0 0 0 0 0 0 0 0 0 0 0 0 0 0 0 0 0 0 0 1113 1106 1114 1098 1083 1084 1083 1115 1108 1075 0 0 0 0 0 0 0 0 0 0 0 0 0 0 0 0 0 0 0 1085 1083 1084 1116 1117 1074 1099 1100 1084 1118 1084 1083 1075 0 0 223 224 0 0 0 0 0 0 0 0 0 0 0 0 1064
1081 1070 0 0 0 0 0 0 0 225 13 0 0 0 0 0 0 0 0 0 0 0 0 0 13 0 0 0 0 0 0 0 0 0 0 0 0 0 0 0 0 0 0 1064 1119 1120 1084 1089 1090 1121 1110 1070 0 0 0 0 0 0 0 0 0 0 0 0 0 0 0 0 0 0 0 1064 1110 1122 1110 1123 1124 1083 1084 1114 1088 1122 1110 1070 0 0 223 224 0 0 0 0 0 0 0 0 0 0 0 0 1085
1083 1075 0 0 0 0 0 0 0 14 15 0 0 14 0 0 0 0 0 0 0 0 0 0 15 0 0 14 0 0 0 0 0 0 0 0 0 0 0 0 0 0 0 1085 1125 1107 1083 1099 1100 1126 1122 1075 0 0 0 0 0 0 0 0 0 0 0 0 0 0 0 0 0 0 0 16 1083 1084 1083 1069 1083 1127 1083 1119 1083 1084 1104 17 0 0 223 224 0 0 0 0 0 0 0 0 0 0 0 0 1064
1084 1070 0 0 0 0 0 18 19 20 21 22 19 20 23 0 0 0 0 0 0 0 0 18 21 22 19 20 23 0 0 0 0 0 0 0 0 0 0 0 0 0 0 1064 1115 1121 1128 24 1129 1125 1107 1070 0 0 0 0 0 0 0 0 0 0 0 0 0 0 0 0 0 0 0 226 16 1083 1084 1122 1110 1130 1084 1125 1124 1104 17 0 14 0 223 224 0 0 0 0 0 0 0 0 0 0 0 0 1085
1083 1075 0 0 0 0 0 1131 1132 1133 1132 1133 1132 1133 1134 10240 10240 10240 10240 10240 10240 10240 10240 1131 1132 1133 1132 1133 1134 0 0 0 0 0 0 0 0 0 0 0 0 0 0 1085 1135 1126 1136 25 1137 1098 1114 1075 0 0 0 0 0 0 0 0 0 0 0 0 0 0 0 0 0 0 0 14 226 16 1104 1105 1138 1105 1138 1105 1138 17 0 19 20 23 223 224 0 0 0 0 0 0 0 0 0 0 0 0 1064
1069 1070 0 0 0 0 0 1139 1092 1093 1092 1093 1092 1093 1140 227 228 227 228 227 228 227 228 1139 1092 1093 1092 1093 1140 0 0 0 0 0 0 0 0 0 0 0 0 0 0 1064 1115 1122 1141 25 1142 1120 1119 1070 0 0 0 0 0 0 0 0 0 0 0 0 0 0 0 0 0 0 26 20 23 226 229 0 0 0 0 0 0 0 0 1132 1133 1134 223 224 0 14 0 0 0 0 0 0 0 0 0 0 1085
1083 1075 0 0 0 0 0 1064 1084 1114 1088 1080 1084 1083 1143 20697 20698 20697 20698 20697 20698 20697 20698 1086 1098 1083 1069 1083 1075 0 0 0 0 0 0 0 0 0 0 0 0 0 0 27 1059 1105 1144 28 1145 1105 1059 17 0 0 0 0 0 0 0 0 0 0 0 0 0 0 0 0 0 0 1146 1133 1134 23 0 0 0 0 0 0 0 0 18 1147 1093 1140 223 224 26 20 23 0 0 0 0 0 0 0 0 0 1064
1081 1070 0 0 0 0 0 1085 1072 1119 1148 1149 1148 1149 1150 1093 1092 1093 1092 1093 1092 1093 1092 1151 1083 1084 1122 1084 1070 0 0 0 13 0 0 0 0 0 0 0 0 0 0 0 0 0 0 0 0 0 0 0 0 0 0 0 0 0 0 0 0 0 0 0 0 0 0 0 0 0 1152 1093 1140 1134 0 0 0 0 0 0 0 0 1153 1154 1083 1075 223 224 1146 1133 1134 0 0 0 1155 21515 21515 21515 21515 21515 1156
1083 1075 22528 22528 0 0 0 1064 1079 1104 29 30 31 30 31 30 31 30 31 30 31 30 31 30 31 30 32 1109 1075 0 0 14 15 0 0 0 0 13 0 13 0 0 0 0 0 0 0 0 0 0 0 0 0 0 0 0 0 0 0 22528 22528 0 0 0 0 0 0 0 0 0 1085 1089 1090 1157 227 228 227 228 227 228 227 228 1158 1072 1084 1159 223 224 1152 1093 1140 0 0 0 0 0 0 0 0 0 1064
1084 1070 0 0 0 0 0 1085 1160 1161 0 0 0 0 0 0 0 0 0 0 0 0 0 0 0 0 0 1085 33 22 19 20 21 22 0 0 14 15 0 15 0 14 0 0 0 0 0 0 0 0 0 0 0 0 0 0 0 0 0 0 0 0 0 0 0 0 0 0 0 0 1064 1099 1100 1162 20697 20698 20697 20698 20697 20698 20697 20698 1163 1079 1104 17 223 224 1085 1164 1075 0 0 0 0 0 0 0 0 0 1085
1083 1075 0 0 0 0 0 1064 1165 1166 0 0 0 0 0 0 0 18 19 22 19 22 23 0 10240 10240 0 1064 1167 1133 1132 1133 1132 1133 49373 19 20 21 22 21 22 20 34 0 0 0 0 0 0 0 0 19 22 19 34 0 0 0 0 0 0 0 0 0 0 0 0 0 0 0 27 1083 1084 1168 1093 1092 1093 1092 1093 1092 1093 1092 1169 1104 17 0 223 224 1064 1079 1070 0 0 0 0 0 0 0 0 0 1064
1069 1070 0 0 0 0 0 1085 1114 1161 0 0 0 0 0 0 0 1131 1132 1133 1132 1133 1134 0 0 0 0 1085 1170 1093 1092 1093 1092 1093 1171 1132 1133 1132 1133 1132 1133 1132 1172 10240 10240 10240 10240 10240 10240 10240 10240 1132 1133 1132 1172 0 0 0 0 0 0 0 0 0 0 0 0 0 0 0 0 27 35 29 30 32 30 32 30 32 30 32 30 36 0 0 223 224 1085 1083 1155 21515 21515 21515 21515 1156 0 0 0 0 1085
1083 1075 0 0 0 0 0 1064 1119 1166 0 0 0 0 0 0 0 1139 1092 1093 1092 1093 1140 0 0 0 0 1064 1084 1122 1084 1122 1084 1083 1091 1092 1093 1092 1093 1092 1093 1092 1173 227 228 227 228 227 228 227 228 1092 1093 1092 1173 0 0 0 0 0 0 0 0 0 0 0 0 0 0 0 10240 10240 0 0 0 0 14 0 0 0 0 0 0 0 14 0 223 224 1064 1110 1070 0 0 0 0 0 0 0 0 0 1064
1081 1070 0 0 0 0 0 1085 1174 1161 0 0 0 0 0 0 0 1064 1098 1083 1069 1122 1075 0 0 0 0 1085 1125 1084 1125 1084 1125 1081 1083 1084 1125 1084 1175 1084 1176 1084 1070 20697 20698 20697 20698 20697 20698 20697 20698 1177 1176 1084 1178 0 0 0 0 0 0 0 0 0 22528 22540 0 0 0 0 0 0 18 19 22 19 20 19 22 19 22 19 22 19 20 23 223 224 1085 1114 1075 0 0 0 0 0 0 0 0 0 1085
1083 1075 0 0 0 22528 22528 1064 1179 1166 0 0 0 0 0 0 0 1085 1164 1073 1074 1107 1070 0 0 0 0 1064 1180 1083 1180 1083 1180 1083 1084 1125 1180 1176 1084 1148 1149 1148 1149 1092 1093 1092 1093 1092 1093 1092 1093 1181 1149 1104 17 0 0 0 0 0 0 0 0 0 0 15 0 0 0 0 0 0 1131 1132 1133 1132 1133 1132 1133 1132 1133 1132 1133 1132 1133 1134 223 224 1064 1119 1070 0 0 0 0 0 0 0 0 0 1064
1081 1070 0 0 0 0 0 1085 1182 1161 22528 22528 0 0 0 0 0 1064 1079 1089 1090 1083 1075 0 0 0 0 16 1074 1081 1074 1081 1074 1084 1083 1180 1183 1084 1104 29 30 31 30 31 30 31 30 31 30 31 30 31 30 36 0 13 0 0 0 13 0 0 0 0 0 21 22 23 0 0 0 0 1139 1092 1093 1092 1093 1092 1093 1092 1093 1092 1093 1092 1093 1140 223 224 1085 1083 1075 0 0 0 0 1155 21515 21515 21515 21515 1156
1083 1075 0 0 0 0 0 1064 1107 1166 0 0 0 0 0 0 0 1085 1083 1099 1100 1084 1070 0 0 0 0 37 38 35 1105 35 1105 35 1105 35 1105 35 17 0 0 0 14 0 0 0 0 0 0 0 0 0 0 0 14 15 0 0 0 15 0 0 14 0 50398 1132 1133 1134 32987 32988 0 0 1064 1084 1083 1084 1083 1124 1063 1110 1083 1084 1063 1098 1083 1075 223 224 1064 1084 1070 0 0 0 0 0 0 0 0 0 1064
1084 1070 0 0 0 0 0 1085 1174 1161 0 0 0 0 0 0 0 1064 1098 1083 1069 1083 1075 0 0 0 0 0 0 0 0 0 0 0 0 0 0 0 0 0 0 26 20 19 19 22 22 19 22 19 22 19 22 19 20 21 22 19 22 21 22 19 20 50398 1184 1092 1093 1140 32987 32988 0 0 1085 1089 1090 1185 1105 1059 1105 1059 1105 1059 1105 1083 1084 1070 223 224 1085 1183 1075 0 0 0 0 0 0 0 0 0 1085
1083 1075 0 0 0 0 0 1064 1186 1166 0 0 0 0 0 0 0 1085 1083 1187 1188 1189 1070 0 0 0 0 0 0 0 0 0 0 0 0 0 0 0 0 0 0 1146 1133 1132 1132 1133 1133 1132 1133 1132 1133 1132 1133 1132 1133 1132 1133 1132 1133 1132 1133 1132 1133 1184 1094 1084 1083 1075 0 0 10240 10240 1064 1099 1100 1075 0 0 0 0 0 0 0 1085 1063 1075 223 224 1064 1069 1070 0 0 0 0 0 0 0 0 0 1064
1081 1070 0 0 0 0 0 27 1104 1190 0 0 0 0 0 0 0 1064 1084 1118 1191 1095 1075 0 0 0 10240 0 0 0 0 0 0 0 0 0 0 0 0 0 0 1152 1093 1092 1093 1092 1093 1092 1093 1092 1093 1092 1093 1092 1093 1092 1093 1092 1093 1092 1093 1092 1093 1094 1107 1072 1073 1070 0 0 0 0 1085 1083 1110 39 230 231 0 0 0 0 0 1064 1124 1070 223 224 1085 1074 1155 21515 21515 21515 21515 1156 0 0 0 0 1085
1083 1075 0 0 0 0 0 0 0 0 13 0 0 0 13 0 0 1085 1121 1088 1080 1101 1070 0 0 0 10240 0 0 0 0 0 0 0 0 0 0 0 0 0 0 1085 1083 1084 1083 1084 1083 1084 1083 1084 1083 1084 1083 1084 1083 1110 1083 1084 1080 1084 1083 1084 1083 1084 1083 1079 1080 1075 0 0 0 0 40 1124 1063 41 19 22 19 22 23 0 0 1085 1063 1075 223 224 1064 1192 1070 0 0 0 0 0 0 0 0 0 1064
1081 1070 22528 22528 0 0 0 0 0 14 15 0 0 0 15 22528 22528 40 1193 1194 1084 1083 1075 0 0 0 10240 0 0 0 0 0 0 0 0 0 0 0 0 0 0 1064 1084 1123 1195 1196 1084 1083 1084 1083 1084 1083 1084 1083 1084 1083 1084 1083 1098 1080 1069 1122 1084 1083 1098 1083 1195 1070 0 0 0 0 16 1063 1084 1197 1132 1133 1132 1133 1134 0 0 1064 1084 1070 223 224 1085 1122 1075 0 0 0 0 0 0 0 0 0 1085
1083 1075 0 0 0 0 0 18 19 20 21 22 19 22 21 22 19 42 1083 43 44 45 46 0 0 0 10240 0 0 0 0 0 0 0 0 0 0 0 0 0 0 1085 1072 1073 1089 1090 1080 1084 1083 1084 1198 1199 1200 47 1201 1106 1083 1084 1164 1073 1074 1107 1083 1069 1074 1084 1083 1065 227 0 0 0 37 16 1202 1098 1092 1093 1092 1093 1140 0 0 1085 1183 1075 223 224 1064 1165 1070 0 0 0 0 0 0 0 0 0 1064
1084 1070 0 0 0 0 0 1131 1132 1133 1132 1133 1132 1133 1132 1133 1132 1203 1084 48 49 50 51 0 0 0 0 0 0 0 0 0 0 0 0 0 0 0 0 0 0 1064 1079 1080 1099 1100 1084 1083 1084 1204 52 53 54 0 0 1205 1106 1083 1079 1089 1090 1083 1189 1123 1195 1196 1110 1206 20489 227 0 0 0 37 38 1083 1084 1083 1110 1083 1075 0 0 1064 1084 1070 223 224 1085 1207 1075 0 0 0 0 1155 21515 21515 21515 21515 1156
1083 1075 0 0 0 0 0 1139 1092 1093 1092 1093 1092 1093 1092 1093 1092 1169 1083 55 56 57 46 0 0 0 0 0 0 0 0 0 0 0 0 0 0 0 0 0 0 1085 1083 1069 1074 1084 1204 1208 1209 1210 0 0 0 0 0 0 1113 1106 1083 1099 1100 1084 1095 1096 1080 1084 1097 1211 20627 20489 227 0 0 0 37 58 1212 1105 1059 1105 1213 0 0 27 1138 17 223 224 1064 1124 1070 0 0 0 0 0 0 0 0 0 1064
1069 1070 0 0 0 0 0 1064 1067 1068 1069 1083 1084 1083 1084 1083 1067 1068 1069 4155 4170 1083 1075 0 0 0 0 0 0 0 0 0 0 0 0 0 0 0 0 0 0 1064 1084 1083 1084 59 51 0 0 0 0 0 0 0 0 0 0 1064 1084 1083 1069 1080 1069 1083 1180 1083 1084 1083 1091 20627 20489 227 0 0 0 0 0 0 0 0 0 0 0 0 0 0 223 224 27 1138 17 0 0 0 0 0 0 0 0 0 1085
1083 1075 0 0 0 22528 22528 1085 1072 1073 1074 1069 1089 1090 1111 1084 1072 1073 1074 3117 3122 1084 1070 0 0 0 0 0 0 0 0 0 0 0 0 0 0 0 0 0 0 1085 1083 1084 59 60 12500 0 0 0 0 0 0 0 0 0 0 1085 1083 1187 1188 1107 1072 1073 1072 1073 1080 1084 1083 1091 20627 20489 227 0 0 0 13 0 0 0 23 0 0 0 0 0 223 224 0 0 0 0 13 0 0 0 0 0 0 0 1064
1081 1070 228 227 228 227 228 1064 1079 1080 1081 1074 1099 1100 1084 1083 1079 1080 1081 3171 3243 1196 1075 227 228 227 228 227 0 0 0 0 0 0 0 0 0 0 228 227 228 1064 1084 59 60 59 12339 0 0 0 0 0 0 0 0 0 0 40 1069 1074 1084 1083 1079 1080 1079 1080 1069 1083 1084 1083 1091 20627 20489 227 0 0 15 0 0 50398 1134 0 0 0 0 0 223 224 0 0 0 14 15 0 0 14 0 0 0 0 61
1083 1065 20698 20697 20698 20697 20698 1066 1083 1098 1083 1084 1083 1084 1114 1084 1083 1098 1083 3144 3128 1084 1214 20697 20698 20697 20698 20697 227 0 0 0 0 0 0 0 0 228 20698 20697 20698 1066 59 60 59 60 12478 22 19 22 0 232 0 0 0 0 19 42 1123 1195 1083 1084 1083 1084 1083 1084 1114 1088 1080 1084 1083 1091 20627 20489 227 0 21 22 50398 1184 1215 233 0 18 19 34 223 224 19 22 19 20 21 22 19 20 19 22 19 22 62
1084 1197 1132 1133 1132 1133 1132 1203 1069 1074 1084 1083 1069 1083 1119 1083 1069 1074 1084 3150 3151 1083 1167 1133 1132 1133 1132 20589 20489 227 0 0 0 0 0 0 228 20490 20588 1133 1132 1203 60 59 60 59 50319 1133 1132 1133 49373 0 232 0 0 50398 1132 1203 1096 1080 1069 1074 1084 1083 1069 1122 1119 1083 1069 1083 1084 1083 1091 20627 20489 227 1132 1133 1184 1094 1162 63 63 1131 1132 1172 234 235 1132 1133 1132 1133 1132 1133 1132 1133 1132 1133 1132 1133 1216
1083 1098 1092 1093 1092 1093 1092 1169 1123 1195 1196 1110 1130 1084 1125 1084 1123 1195 1196 3151 3278 1081 1170 1093 1092 1093 1092 1093 20627 20489 227 228 227 228 227 228 20490 20640 1092 1093 1092 64 59 60 59 50236 1217 1093 1092 1093 1171 49373 19 22 50398 1184 1092 1088 1083 1098 1123 1195 1196 1110 1130 1084 1125 1081 1074 1110 1083 1084 1083 1091 20627 20489 1218 1093 1094 1084 1219 19669 19670 1220 1092 1221 227 228 1147 1093 1092 1093 1092 1093 1092 1093 1092 1093 1092 1093 1222
1069 1083 1084 1083 1084 1083 1073 1074 1096 1080 1084 1097 1069 1083 1180 1083 1096 1080 1084 3281 3174 1083 1084 1083 1084 1083 1084 1083 1091 20627 20489 20698 20697 20698 20697 20490 20640 1094 1084 59 60 59 60 59 50236 1083 1084 1083 1084 1083 1091 1171 1132 1133 1184 1094 1084 1083 1069 1074 1096 1080 1084 1097 1069 1083 1180 1083 1110 1122 1107 1072 1073 1083 1091 1171 1223 1083 1110 1224 1225 19671 19672 1226 1084 1219 20697 20698 1227 1083 1084 1083 1098 1083 1084 1083 1084 1114 1088 1183 1084
1083 1084 1089 1090 1083 1084 1080 1081 1102 1103 1083 1228 1074 1084 1083 1084 1102 1103 1083 3132 3131 1084 1072 1073 1074 1073 1074 1084 1083 1091 1171 1132 1133 1132 1133 1184 1094 1084 59 60 59 60 59 50236 1083 1084 1083 1084 1122 1084 1083 1091 1092 1093 1094 1084 1083 1084 1123 1195 1196 1110 1130 1084 1125 1081 1074 1084 1083 1084 1083 1079 1080 1084 1083 1091 1083 1110 1083 1119 1197 1132 1133 1229 1224 1225 1133 1132 1203 1124 1083 1110 1074 1084 1089 1090 1083 1119 1083 1069 1083
1081 1083 1099 1100 1088 1083 1098 1083 1103 1230 1081 1074 1112 1231 1084 1083 1103 1230 1081 3120 3121 50 55 56 57 56 57 65 66 59 67 68 69 68 69 70 60 71 72 56 60 73 50221 1083 1180 1095 1096 1080 1084 1097 1069 1083 1180 1083 1084 1122 1084 1072 1073 1080 1084 1097 1069 1083 1180 1083 1084 1083 1098 1083 1084 1083 1084 1114 1088 1080 1110 1083 1084 1125 1084 1092 1093 1232 1119 1168 1093 1092 1169 1083 1084 1123 1195 1196 1099 1100 1084 1125 1110 1074 1084
1083 1084 1083 1084 1083 1084 1074 1084 1233 1126 1083 1084 1118 1191 1083 1084 1233 1126 1083 3127 3128 57 59 74 59 74 59 75 76 60 48 49 50 45 59 60 59 77 78 79 59 50380 1074 1084 1083 1101 1102 1103 1083 1228 1074 1084 1083 1084 1083 1084 1083 1079 1080 1098 1083 1084 1083 1084 1114 1088 1080 1069 1074 1084 1122 1069 1083 1119 1083 1069 1083 1107 1072 1234 1083 1084 1083 1098 1125 1084 1083 1084 1114 1088 1080 1096 1080 1084 1097 1069 1083 1180 1083 1192 1083
1081 1083 1084 1083 1084 1083 1195 1196 1084 1083 1084 1083 1084 1083 1084 1083 1084 1083 1084 1083 1098 1083 1084 1083 1084 1074 1084 1083 1084 1083 1079 1080 1081 1074 1084 1083 1084 1083 1103 1230 1081 1074 1112 1231 1084 1083 1103 1230 1081 1074 1112 1231 1084 1083 1084 1083 1084 1083 1069 1074 1084 1083 1069 1083 1119 1083 1069 1123 1195 1196 1110 1130 1084 1125 1081 1074 1110 1083 1079 1235 1084 1083 1069 1074 1234 1083 1069 1083 1119 1083 1069 1083 1084 1083 1084 1083 1084 1083 1110 1122 1084
