88 70
1043 1043 1043 1043 1043 1043 1043 1079 1080 1081 1043 1043 1043 1043 1043 1043 1043 1043 1043 1043 1043 1043 1043 1043 1043 1043 1043 1043 1043 1043 1043 1043 1043 1043 1043 1043 1043 1043 1043 1043 1043 1043 1043 1043 1043 1043 1043 1043 1043 1043 1043 1043 1043 1082 1083 1043 1043 1043 1043 1079 1080 1081 1043 1043 1043 1043 1043 1043 1043 1043 1043 1043 1043 1079 1080 1081 1043 1043 1043 1043 1043 1084 1043 1043 1043 1043 1043 1043
1046 13 1037 14 1043 1084 1043 1085 1086 1087 1043 1046 1037 1037 1037 1037 1037 1037 1037 1037 1037 1037 1037 1037 1037 1037 1037 1037 1037 1037 1037 1037 1037 1037 1037 1037 1037 1037 1037 1037 1037 1037 1037 1037 1037 1037 1037 1037 1037 13 15 1043 1043 1088 1089 1043 1043 1043 1043 1085 1086 1087 1043 1043 1084 1043 1043 1043 1043 1043 1043 1084 1043 1085 1086 1087 1090 1037 1039 1043 1043 1043 1043 1043 1043 1084 1043 1043
1091 140 0 16 14 1043 1043 1092 1041 1042 1043 1093 0 0 0 0 0 0 0 0 0 0 0 0 0 0 0 0 0 0 0 0 0 0 0 0 0 0 0 0 0 0 0 0 0 0 0 0 0 140 1075 1043 1084 1043 1043 1043 1084 1043 1043 1092 17 18 1043 1043 1043 1043 1043 19 19 1043 1043 1043 1043 1092 1041 1042 1091 20 1075 1082 1083 1043 1043 1043 1043 1043 1043 1043
1091 0 0 140 16 14 1043 1094 1095 1096 1097 141 0 0 0 0 0 10240 10240 0 0 0 0 0 0 0 0 0 0 0 0 0 0 0 0 0 0 0 0 0 0 0 0 0 0 0 0 0 0 0 1075 1043 1043 1043 1043 1043 1043 1043 1043 1094 19 19 1084 1043 1043 1043 1043 19 19 1043 1043 1043 1043 1094 1095 1096 1091 21 1075 1088 1089 1043 1043 1043 1043 1043 1043 1043
1091 0 0 0 0 16 14 1043 1082 1083 1043 1098 0 0 0 0 0 0 0 0 0 0 0 0 0 0 0 0 0 0 0 0 0 0 0 0 0 0 0 0 0 0 0 0 0 0 0 0 0 0 1075 1046 13 1037 1037 1037 1037 1037 1037 1037 15 22 1037 1037 1037 1037 1037 15 22 1037 1037 1037 1037 1037 1037 1037 1048 21 1047 1037 1037 1037 1037 1037 1037 13 15 1043
1091 1099 1100 0 0 140 16 14 1088 1089 1097 141 0 0 0 0 0 0 0 0 0 0 0 0 0 0 0 0 0 0 0 0 0 0 0 0 0 0 0 0 0 0 0 0 0 0 0 0 0 0 1075 1091 140 0 0 0 0 0 0 0 23 24 0 0 0 0 0 23 24 0 0 0 0 0 0 0 0 21 0 0 0 0 0 0 0 0 1047 1037
1091 0 0 0 0 0 0 16 14 1043 1043 1098 0 0 0 0 0 0 0 0 25 26 27 0 0 0 0 0 0 0 0 25 26 26 27 0 0 0 0 0 0 0 0 25 26 27 0 0 0 0 1075 1091 0 0 0 0 0 0 0 0 0 0 0 0 0 0 0 0 0 0 0 0 0 0 0 0 0 21 0 0 0 0 0 0 0 28 29 30
1091 0 0 26 31 0 0 0 16 14 1097 141 0 0 0 0 0 0 0 0 1101 1102 1103 1104 1105 1105 1105 1105 1105 1105 1106 1101 1102 1102 1103 1104 1105 1105 1105 1105 1105 1105 1106 1101 1102 1103 0 0 0 0 1075 1091 0 0 0 0 0 0 0 0 0 0 0 0 0 0 0 0 0 0 0 0 0 0 0 0 0 21 0 0 0 0 0 0 0 0 32 33
1107 1108 1109 1102 49286 31 0 0 0 1066 1037 1110 0 0 0 0 0 0 0 0 1075 1043 1111 1112 1112 1112 1112 1112 1112 1112 1112 1113 1043 1043 1107 1112 1112 1112 1112 1112 1112 1112 1112 1113 1043 1091 0 0 0 0 1075 1091 0 0 0 0 0 0 0 0 0 0 0 0 0 0 0 0 0 0 0 0 34 34 0 0 0 21 0 0 0 0 0 0 0 35 36 37
1043 1043 1114 1115 1116 49286 31 0 0 0 0 0 0 0 0 0 0 0 0 0 1075 1043 1043 1043 1082 1083 1043 1043 1084 1043 1043 1043 1043 1043 1084 1043 1043 1043 1084 1043 1043 1043 1043 1043 1084 1091 0 0 12416 0 1075 1091 0 0 0 0 1117 1118 1118 1118 1118 1118 1118 1118 1118 1118 1118 1118 1118 1118 1118 1119 20612 20612 0 0 0 21 1117 1118 1118 1119 0 0 0 0 1075 1120
1084 1043 1082 1083 1043 1116 49286 31 0 0 0 0 0 0 0 0 0 10240 10240 0 1075 1043 1084 1043 1088 1089 1043 38 13 13 13 13 13 13 13 13 13 13 13 13 13 13 13 13 13 1048 22528 22528 12416 0 1075 1091 0 0 0 0 1120 1112 1112 1112 1112 1112 1112 1112 1112 1112 1112 1112 1112 1112 1112 1112 1121 1122 0 0 0 21 0 0 0 0 0 0 0 0 1075 1043
1043 1043 1088 1089 1043 1043 1116 49286 26 39 26 26 26 39 26 26 34 34 34 34 1075 1043 1043 1043 1043 1043 38 40 0 0 0 0 0 0 0 0 0 0 0 0 0 0 0 0 0 0 0 0 12416 0 1075 1091 5120 5120 0 0 1047 1037 1037 1037 1037 1037 1037 1037 1037 1037 1037 1037 1037 1037 1037 15 1043 1091 0 0 0 21 0 0 0 0 0 0 0 0 1075 1043
1043 1043 1043 1043 1084 1043 1043 1116 1102 1123 1102 1102 1102 1123 1102 1102 20612 20612 20612 20612 1075 1084 1043 38 13 13 40 0 0 0 0 0 0 0 0 0 0 0 0 0 0 0 0 0 0 0 0 0 12416 0 1075 1091 0 0 0 0 0 0 0 0 0 0 0 0 0 0 0 0 0 0 0 1075 1043 1091 0 0 0 21 0 0 0 0 0 0 0 0 1075 1043
1043 1046 1037 1037 1037 1037 1039 1043 1115 1114 1115 1115 1115 1114 1115 1111 20489 20489 20489 20489 1124 1043 38 40 0 0 0 0 0 0 0 0 0 0 0 0 0 0 0 0 0 0 0 0 0 0 41 26 12416 0 1075 1091 0 0 0 0 0 0 0 0 0 0 0 0 0 0 0 0 0 0 0 1075 1043 1091 0 0 0 21 0 0 0 0 0 0 0 0 1075 1043
1043 1091 0 0 0 0 1075 1043 38 13 13 13 13 13 13 13 13 13 15 1043 1043 38 40 0 0 0 0 0 0 0 0 41 26 0 0 0 0 0 0 0 0 26 26 26 26 26 50311 1102 12416 0 1075 1091 0 0 0 0 0 0 0 0 0 0 0 0 0 0 0 0 0 0 0 1075 1043 1091 0 0 0 21 0 0 0 0 0 0 22528 22528 1075 1043
1043 1091 0 0 0 0 1075 38 40 0 0 0 0 0 0 0 0 140 1075 1043 38 40 0 0 0 0 0 0 0 0 41 50311 1102 1117 1118 1118 1118 1118 1118 1118 1119 1102 1102 1102 1102 1102 1125 1115 22528 22528 1075 1091 0 0 5120 5120 0 0 0 0 0 0 0 0 0 0 0 0 0 0 0 1075 1043 1091 0 0 0 21 0 0 0 0 0 0 0 0 1075 1043
1043 1091 0 0 0 12416 1066 40 0 0 0 0 0 0 0 0 0 0 42 13 40 0 0 41 26 39 26 26 26 39 50311 1126 1037 1037 1037 1037 1037 1037 1037 1037 1037 1037 1037 1037 1037 1037 1037 1037 1037 1037 1037 1048 0 0 0 0 0 0 0 0 0 0 0 0 0 0 0 0 0 0 0 1075 1037 24 22528 22528 0 21 0 0 0 0 0 0 0 0 1075 1043
1043 1091 0 0 0 12416 0 0 0 0 0 0 0 0 0 0 0 0 0 0 0 0 41 50311 1102 1123 1102 1102 1102 1123 1125 1091 0 0 0 0 0 0 0 0 0 0 0 0 0 0 0 0 0 0 0 0 0 0 0 0 0 0 0 0 5120 5120 0 0 0 0 0 0 0 0 0 1075 43 44 45 0 0 21 0 0 0 0 0 0 0 0 1075 1043
1043 1091 0 0 0 12416 0 0 0 0 41 26 39 26 31 0 0 0 0 0 0 41 50311 1125 1115 1114 1115 1115 1115 1114 1043 1091 1099 1100 0 0 0 0 0 0 0 0 0 0 0 0 0 0 0 0 0 0 0 0 0 0 0 0 0 0 0 0 0 0 0 0 0 0 0 0 0 1075 46 47 0 0 0 21 0 0 0 0 0 0 0 0 1075 1043
1043 1091 0 0 0 12416 0 0 0 41 50311 1102 1123 1102 49286 31 0 0 0 0 41 50311 1125 1043 1084 1043 1043 1043 1043 1043 1043 1091 0 0 0 0 0 0 0 0 0 0 0 0 0 0 0 0 0 0 0 0 0 0 0 0 0 0 0 0 0 0 0 0 0 0 0 5120 5120 0 0 1075 48 49 50 0 0 21 0 0 0 0 1104 1105 1105 1106 1075 1043
1043 1091 0 0 0 12416 25 26 26 50311 1125 1115 1114 1115 1116 49286 26 26 39 26 50311 1125 1043 1043 1043 1043 1043 1043 1082 1083 1043 1091 0 0 26 26 26 26 26 27 0 0 0 0 0 0 0 0 0 0 0 0 0 0 0 0 0 0 0 0 0 0 0 0 0 0 0 0 0 0 0 1075 1112 1127 0 0 0 21 0 0 0 0 0 0 0 0 1075 1043
1043 1091 0 0 0 12416 1101 1102 1102 1125 1043 1043 1043 1043 1043 1116 1102 1102 1123 1102 1125 1043 1043 1043 1043 1043 1043 1043 1088 1089 1043 1111 1108 1109 1102 1102 1102 1102 1102 1103 0 0 0 0 0 0 25 27 0 0 0 0 34 34 34 34 0 0 0 0 34 34 34 34 0 0 0 0 34 34 34 1075 1043 1091 0 0 0 21 0 0 0 0 0 0 0 0 1075 1043
1043 1091 0 0 22528 22528 1047 13 15 1046 1037 1037 1037 1037 1037 1037 1037 1037 1037 1037 1037 1037 1037 15 1043 1043 1043 1043 1043 1043 1043 1043 1043 1043 1115 1115 1115 1115 1115 1128 0 0 0 0 0 0 1101 1103 1104 1105 1105 1106 20612 20612 20612 20612 1104 1105 1105 1106 20612 20612 20612 20612 1117 1118 1118 1119 20612 20612 20612 1075 1043 1091 0 0 0 21 0 0 0 0 0 0 0 0 1075 1043
1043 1091 0 0 0 0 0 0 1075 1091 0 0 0 0 0 0 0 0 0 0 0 0 0 1075 1043 1084 1043 1043 1043 1043 1043 1043 1084 1043 1043 1043 1043 1043 1043 1091 0 0 0 0 0 0 1129 1107 1112 1112 1112 1112 20489 20489 20489 20489 1112 1112 1112 1112 20489 20489 20489 20489 1112 1112 1112 1112 20489 20489 20489 1113 1043 1091 0 0 0 21 0 0 0 0 0 0 0 0 1075 1043
1043 1091 0 0 0 0 0 0 1047 1048 0 0 0 0 0 0 0 0 0 0 0 0 0 1047 1037 1037 1037 1037 1037 1037 1037 1037 1037 1037 1037 1037 1037 1037 1037 1048 0 0 0 0 0 0 1047 1037 1037 1037 1037 1037 1037 1037 1037 1037 1037 1037 1037 1037 1037 1037 1037 1037 1037 1037 1037 1037 1037 1037 1037 1037 1037 1048 0 0 0 21 0 0 0 0 0 0 0 0 51 1043
1043 1091 0 0 0 0 0 141 0 0 0 0 0 0 0 0 0 0 0 0 0 0 0 0 0 0 0 0 0 0 0 0 0 0 0 0 0 0 0 0 0 0 0 0 0 0 0 0 0 0 0 0 0 0 0 0 0 0 0 0 0 0 0 0 0 0 0 0 0 0 0 0 0 0 0 0 0 21 22528 22528 0 0 0 0 0 0 51 1043
1043 1091 0 0 0 0 0 0 0 0 0 0 0 0 0 0 0 0 0 0 0 0 0 0 0 0 0 0 0 0 0 0 0 0 0 0 0 0 0 0 0 0 0 0 0 0 0 0 0 0 0 0 0 0 0 0 0 0 0 0 0 0 0 0 0 0 0 0 0 0 0 0 0 0 0 0 0 21 0 0 0 0 0 0 0 0 51 1043
1043 1091 22528 22528 0 0 0 0 0 0 0 0 0 0 0 0 0 0 0 0 0 0 0 0 0 0 0 0 0 0 0 0 0 0 0 0 0 0 0 0 0 0 0 0 0 0 0 0 0 0 0 0 0 0 0 0 0 0 0 0 0 0 0 0 0 0 0 0 0 0 0 0 0 0 0 0 0 21 0 0 0 0 0 0 0 0 1075 1043
1043 1091 0 0 0 0 25 26 39 27 0 0 0 0 0 0 0 0 25 26 39 26 39 26 26 26 27 0 0 0 142 25 26 39 26 27 0 0 34 34 0 0 34 34 0 0 34 34 0 0 0 0 0 0 0 0 0 0 0 0 0 0 0 0 0 0 0 0 0 0 0 0 0 0 0 0 0 21 0 0 0 0 0 0 0 0 1075 1043
1043 1091 0 0 0 0 1101 1102 1123 1103 0 0 0 0 0 0 0 0 1101 1102 1123 1102 1123 1102 1102 1102 1103 0 0 0 143 1101 1102 1123 1102 1103 0 0 20612 20612 0 0 20612 20612 0 0 20612 20612 0 0 1104 1105 1105 1105 1105 1105 1105 1106 0 0 0 0 34 34 34 34 0 0 0 0 1104 1105 1105 1106 0 0 0 21 0 0 0 0 0 0 0 0 1075 1043
1043 1091 0 0 0 0 1129 1115 1114 1128 0 0 0 0 0 0 0 0 1129 1115 1114 1115 1114 1115 1115 38 40 0 142 143 20490 1130 1115 1114 1115 1128 0 0 1121 1122 0 0 1121 1122 0 0 1121 1122 0 0 1120 1112 1112 1112 1112 1112 1112 1127 0 0 0 0 20612 20612 20612 20612 0 0 0 0 1120 1112 1112 1127 0 0 0 21 0 0 0 0 0 0 0 0 1075 1043
1043 1091 0 0 0 0 1075 1084 1043 1091 0 0 0 0 0 0 0 0 1075 1043 1043 1043 1084 1043 38 40 0 0 143 20490 1131 1043 1082 1083 1043 1091 0 0 1075 1091 0 0 1075 1091 0 0 1075 1091 0 0 1075 1043 1043 1043 1043 1043 1043 1091 0 0 0 0 1121 1121 1121 1122 0 0 0 0 1075 1043 1043 1091 34 22562 22562 21 34 34 34 34 22562 22562 34 34 1075 1084
1043 1091 0 0 22528 22528 1075 1082 1083 1091 0 0 0 0 0 0 0 0 1075 1043 1082 1083 1043 38 40 0 0 143 20490 1131 1043 1043 1088 1089 1043 1091 0 0 1075 1091 0 0 1075 1091 0 0 1075 1091 0 0 1075 1043 1043 1043 1043 1043 1084 1091 34 34 0 0 1075 1043 1043 1091 0 0 0 0 1075 1043 1043 1091 20612 20612 20612 20501 20612 20612 20612 20612 20612 20612 20612 20612 1075 1043
1043 1091 34 34 34 34 1075 1088 1089 1091 34 34 34 34 34 34 34 34 1075 1043 1088 1089 38 40 0 0 143 20490 1131 1084 1043 1043 1043 1043 1043 1091 22528 22528 1075 1091 0 0 1075 1091 0 0 1075 1091 0 0 1075 1043 1043 1043 1043 1043 1043 1091 20612 20612 22528 22528 1075 1043 1043 1091 0 0 34 34 1075 1043 1043 1111 20489 20489 1122 20501 1121 20489 20489 20489 20489 20489 20489 20489 1124 1043
1043 1091 20612 20612 20612 20612 1075 1043 1043 1091 20612 20612 20612 20612 20612 20612 20612 20612 1075 1043 1043 38 40 0 0 143 20490 1131 1043 1079 1080 1081 1043 1043 1043 1107 1112 1112 1113 1091 22528 22528 1075 1091 22528 22528 1075 1091 22528 22528 1075 1043 1043 1043 1043 1043 1043 1111 1132 1132 1112 1112 1113 1043 1043 1091 22528 22528 20612 20612 1075 1043 1082 1083 1043 1090 1048 1045 1047 1037 1037 1039 1043 1043 1043 1043 1043 1043
1043 1107 20489 20489 20489 20489 1113 1043 1043 1107 20489 20489 20489 20489 20489 20489 20489 20489 1113 1043 38 40 140 140 0 20490 1131 1043 1043 1085 1086 1087 1043 1043 1084 1043 1043 1043 1043 1107 1112 1112 1113 1107 1112 1112 1113 1107 1112 1112 1113 1043 1043 1043 1043 1043 1043 1043 1043 1043 1043 1043 1043 1043 1043 1111 1112 1112 1132 1132 1113 1043 1088 1089 1043 1091 19585 19586 19585 19585 19585 1075 1043 1043 1043 1043 1043 1043
1043 1043 1043 1043 1043 1043 1043 1043 1043 1043 1043 1043 1043 1043 1043 1043 1043 1043 1084 1043 1091 144 140 140 0 1133 1084 1043 1043 1092 1041 1042 1043 1043 1043 1043 1043 1043 1043 1084 1043 1043 1082 1083 1043 1043 1043 1043 1043 1043 1043 1043 1043 1043 1043 1043 1043 1043 1043 1043 1043 1043 1043 1043 1043 1043 1043 1043 1043 1043 1043 1043 1043 1043 1043 1091 19587 19587 19587 19587 19587 1075 1082 1083 1043 1043 1084 1043
1043 1079 1080 1081 1084 1043 1043 1043 1043 1043 1043 1043 1043 1090 1134 1135 1043 1043 1043 1043 1136 20491 144 140 0 16 14 1043 1043 1094 1095 1096 1043 1043 1043 1043 1043 1043 1043 1043 1043 1043 1088 1089 1043 1043 1043 1043 1043 1043 1043 1043 1084 1043 1043 1043 1043 1043 1043 1043 1084 1043 1043 1043 1043 1043 1043 1043 1043 1043 1043 1043 1043 1043 1043 1091 19587 19587 19587 19587 19587 1075 1088 1089 1043 1043 1043 1043
1043 1085 1086 1087 1043 1043 1043 1043 1043 1084 1043 1043 1043 1137 1084 1138 1043 1043 1043 1043 1043 1139 20491 144 0 0 16 14 1043 1043 1082 1083 1043 1090 1134 1135 1043 1082 1083 1043 1043 1043 1043 1043 1043 1043 1043 1043 1082 1083 1043 1043 1043 1043 1043 1043 1043 1043 1043 1043 1043 1043 1043 1043 1043 1043 1043 1043 1084 1043 1043 1043 1043 1043 1043 1111 1112 1112 1112 1112 1112 1140 1043 1043 1043 1043 1043 1043
1043 1092 1041 1042 1043 1043 1043 1079 1080 1081 1043 1043 1043 1111 1141 1140 1043 1043 1043 1043 1043 1043 1139 20491 145 146 0 16 14 1043 1088 1089 1043 1137 1043 1138 1043 1088 1089 1043 1043 1043 1043 1043 1043 1084 1043 1043 1088 1089 1043 1043 1043 1043 1043 1043 1043 1090 1134 1135 1043 1090 1134 1135 1043 1090 1134 1135 1043 1046 1037 1037 1037 1037 1037 1037 1037 1037 1037 1037 1037 1037 1037 1037 15 1043 1043 1043
1043 1094 1095 1096 1043 1043 1043 1085 1086 1087 1043 1043 1043 1043 1043 1043 1043 1043 1043 1043 1043 1043 1043 1139 20491 147 0 0 16 14 1043 1043 1043 1111 1141 1140 1043 1084 1043 1043 1043 1043 1043 1043 1043 1043 1043 1043 1043 1043 1043 1043 1043 1043 1043 1043 1043 1137 1084 1138 1043 1137 1043 1138 1043 1137 1043 1138 1043 1091 0 0 0 0 0 0 0 0 0 0 0 0 1099 1100 1075 1043 1043 1043
1043 1043 1043 1043 1043 1084 1043 1092 1041 1042 1043 1043 1090 1037 1039 1043 1084 1043 1043 1082 1083 1043 1043 1043 1139 20492 0 0 0 16 14 1043 1043 1043 1043 1043 1043 1043 1043 1043 1043 1082 1083 1043 1043 1043 1043 1043 1043 1043 1043 1043 1090 1037 1039 1043 1043 1111 1141 1140 1043 1111 1141 1140 1043 1111 1141 1140 1043 1091 0 0 0 0 0 0 0 0 0 0 0 0 0 0 1075 1043 1043 1043
1082 1083 1043 1043 1043 1043 1043 1094 1095 1096 1043 1043 1091 20 1075 1043 1043 1043 1043 1088 1089 1043 1043 1043 1043 1091 0 0 0 0 1075 1043 1082 1083 1043 1043 1043 1043 1043 1043 1043 1088 1089 1043 1043 1043 1043 1043 1084 1043 1043 1043 1137 20 1075 1043 1043 1043 1043 1043 1043 1043 1043 1043 1043 1043 1043 1043 1043 1091 25 27 0 0 0 0 25 26 52 140 140 53 0 0 1075 1043 1084 1043
1088 1089 1043 1043 1043 1043 1043 1043 1043 1043 1043 1043 1091 21 1075 1043 1043 1043 1043 1043 1043 1043 1043 1043 1084 1091 0 0 0 0 1075 1043 1088 1089 1043 1043 1043 1043 1043 1043 1043 1043 1043 1043 1043 1043 1043 1043 1043 1043 1043 1043 1137 21 1075 1043 1043 1043 1043 1043 1043 1043 1043 1043 1084 1043 1043 1043 1084 1107 1101 1103 0 0 0 0 1101 1102 51336 52361 54411 53386 1108 1109 1124 1043 1043 1043
1043 1043 1043 1046 13 1037 1037 1037 1037 1037 1037 1037 1048 21 1047 13 13 13 15 1046 13 1037 1037 1037 15 1091 0 0 0 0 1047 1037 15 1046 1037 1037 1037 1037 15 1046 1142 1142 1142 1142 15 1046 1037 1037 1037 1037 1037 1037 1048 21 1075 1046 1037 1037 1037 1037 15 1046 1037 1037 1037 13 15 1046 13 13 15 1128 0 0 0 0 1129 1115 1143 1144 1145 1146 1114 1043 1043 1043 1082 1083
1043 1043 1043 1091 140 0 0 0 0 0 0 0 0 21 0 140 140 140 1075 1091 140 0 0 0 1075 1091 34 34 0 0 0 0 1075 1091 0 0 0 0 1075 1091 20613 20613 20613 20613 1147 1148 0 0 0 0 0 0 0 21 1075 1091 0 0 0 0 1147 1148 0 0 0 140 1075 1091 140 140 1075 1091 0 0 0 0 1075 1043 1043 1043 1043 1043 1043 1043 1043 1043 1088 1089
1043 1043 1043 1091 0 0 0 0 0 0 0 0 0 21 0 0 0 0 1075 1091 0 0 0 0 1075 1091 20612 20612 0 0 0 0 1075 1091 0 0 0 0 1075 1091 148 148 148 148 20613 20613 0 0 0 0 0 0 0 21 1075 1091 0 0 0 0 20613 20613 0 0 0 0 1075 1091 0 0 1075 1091 0 0 0 0 1075 1043 1043 1043 1084 1043 1043 1043 1043 1043 1043 1043
1043 1043 1043 1091 0 0 0 0 0 0 0 0 0 21 0 0 0 0 1075 1091 0 0 0 0 1075 1111 1132 1122 0 0 0 0 1075 1091 0 0 0 0 1075 1091 0 0 0 0 148 148 0 0 0 0 0 0 0 21 1075 1091 0 0 0 0 148 148 0 0 0 0 1075 1091 0 0 1075 1091 0 0 0 0 1075 1043 1043 1043 1043 1043 1082 1083 1043 1043 1043 1043
1043 1043 1043 1091 26 39 26 26 52 140 0 0 0 21 0 0 0 0 1075 1091 0 0 0 0 1075 1046 1037 1048 0 0 0 0 1075 1091 0 0 0 0 1075 1091 0 0 0 0 0 0 0 0 0 0 0 0 0 21 1075 1091 0 0 0 0 0 0 0 0 0 0 1075 1091 0 0 1075 1091 0 0 22528 22528 1075 1043 1043 1043 1043 1043 1088 1089 1043 1084 1043 1043
1043 1043 1043 1111 1102 1123 1102 1102 51336 52361 31 0 0 21 0 0 0 0 1047 1048 0 0 0 0 1075 1091 0 0 0 0 0 0 1075 1091 0 0 0 0 1075 1091 0 0 0 0 0 0 0 0 0 0 0 0 0 21 1075 1091 0 0 0 0 0 0 0 0 0 0 1075 1091 0 0 1075 1091 0 0 0 0 1075 1043 1043 1043 1043 1043 1043 1043 1043 1043 1043 1043
1043 1043 1043 1043 1115 1114 1115 1115 1143 1144 49286 52 140 21 0 0 0 0 0 0 0 0 0 0 1075 1091 0 0 0 0 0 0 1075 1091 0 0 0 0 1075 1091 0 0 0 0 34 34 0 0 0 0 0 0 0 21 1047 1048 0 0 0 0 34 34 0 0 0 0 1147 1148 0 0 1075 1091 0 0 0 0 1075 1043 1043 1043 1043 1043 1079 1080 1081 1043 1043 1043
1043 1043 1043 1043 1090 1134 1135 1043 1084 1043 1116 51336 52361 21 140 0 0 140 0 0 0 0 149 150 1075 1091 0 0 0 0 0 0 1147 1148 0 0 0 0 1075 1091 0 0 0 0 20612 20612 34 34 34 34 34 0 0 21 0 0 0 0 0 0 20612 20612 0 0 0 0 20613 20613 0 0 1075 1091 0 0 0 0 1075 1043 1043 1043 1043 1043 1085 1086 1087 1043 1043 1043
1043 1043 1043 1043 1137 1149 1138 1043 1043 1043 1043 1143 1144 51221 52361 39 26 26 26 26 26 26 39 27 1075 1091 0 0 0 0 0 0 20613 20613 0 0 0 0 1075 1091 0 0 25 39 1121 1122 20612 20612 20612 20612 20612 0 0 21 0 0 0 0 0 0 1121 1122 0 0 0 0 148 148 0 0 1075 1091 0 0 0 0 1075 1043 1084 1043 1043 1043 1092 1041 1042 1043 1043 1043
1043 1043 1043 1043 1111 1141 1140 1043 1043 1043 1082 1083 1043 1045 1144 1123 1102 1102 1102 1102 1102 1102 1123 1103 1113 1091 0 0 0 0 0 0 148 148 0 0 0 0 1075 1091 0 0 1101 1123 1113 1150 1132 1132 1132 1132 1122 0 0 21 0 0 0 0 0 0 1075 1091 0 0 0 0 0 0 0 0 1075 1091 0 0 0 0 1075 1043 1043 1043 1043 1043 1094 1095 1096 1043 1043 1043
1043 1043 1043 1043 1043 1043 1043 1043 1043 1043 1088 1089 1043 1045 1043 1114 1115 1115 1115 1115 1115 1115 1114 1043 1043 1091 0 0 0 0 0 0 0 0 0 0 0 0 1075 1091 0 0 1129 1114 1084 1043 1043 1046 1142 1142 1148 0 0 21 0 0 0 0 0 0 1075 1091 0 0 0 0 0 0 0 0 1075 1091 0 0 0 0 1075 1043 1043 1043 1043 1043 1043 1043 1043 1043 1043 1043
1043 1043 1043 1043 1043 1043 1084 1043 1043 1043 1046 1037 1037 1045 1037 1037 1039 1043 1043 1043 1043 1043 1082 1083 1043 1091 0 34 34 0 0 0 0 0 0 0 0 0 1075 1091 0 0 1147 1142 15 1043 1043 1091 20613 20613 20613 0 0 21 0 0 0 4 0 0 1075 1091 0 0 0 0 34 34 0 0 1147 1148 22528 22528 0 0 1075 1084 1043 1090 1134 1135 1043 1043 1043 1082 1083 1043
1043 1043 1043 1043 1043 1043 1043 1043 1043 1043 1091 19585 19585 19586 19585 19585 1075 1043 1043 1090 1134 1135 1088 1089 1043 1091 0 20612 20612 0 0 0 34 34 0 0 0 0 1075 1091 0 0 20613 20613 1075 1082 1083 1091 148 148 148 0 0 21 25 26 26 5 26 27 1075 1091 0 0 0 0 20612 20612 0 0 20613 20613 0 0 0 0 1075 1043 1043 1137 1043 1138 1043 1043 1043 1088 1089 1043
1043 1043 1043 1043 1043 1043 1043 1043 1043 1043 1091 19587 19587 19587 19587 19587 1075 1043 1043 1137 1043 1138 1043 1043 1043 1091 0 1121 1122 0 0 0 20612 20612 0 0 0 0 1147 1148 0 0 148 148 1075 1088 1089 1091 0 0 0 0 0 21 1101 1102 1102 1151 1102 1103 1113 1091 0 0 0 0 1121 1122 0 0 148 148 0 0 0 0 1075 1043 1043 1111 1141 1140 1043 1043 1043 1043 1043 1043
1043 1043 1043 1043 1043 1043 1043 1043 1043 1043 1091 19587 19587 19587 19587 19587 1075 1043 1043 1111 1141 1140 1043 1043 1043 1091 0 1047 1048 0 0 0 1121 1122 0 0 0 0 20613 20613 0 0 0 0 1075 1043 1043 1091 0 0 0 0 0 21 1047 1037 1037 1037 1037 1037 1037 1048 0 0 0 0 1075 1091 0 0 0 0 0 0 0 0 1075 1043 1043 1043 1043 1043 1043 1043 1043 1043 1043 1043
1043 1043 1043 1043 1043 1043 1043 1043 1043 1043 1111 1112 1112 1112 1112 1112 1113 1043 1043 1043 1043 1043 1043 1043 1043 1091 0 0 0 0 0 0 1075 1091 0 0 0 0 148 148 0 0 0 0 1075 1084 1043 1091 0 0 0 0 0 21 0 0 0 0 0 0 0 0 0 0 0 0 1147 1148 0 0 0 0 0 0 0 0 1075 1043 1084 1043 1043 1043 1043 1043 1043 1043 1043 1043
1043 1043 1043 1043 1043 1043 1043 1043 1043 1043 1043 1043 1043 1043 1043 1043 1043 1043 1043 1043 1043 1043 1043 1084 1043 1091 0 0 0 0 0 0 1075 1091 0 0 0 0 0 0 0 0 0 0 1075 1043 1043 1091 0 4 0 0 0 21 0 0 0 0 0 0 0 0 0 0 0 0 20613 20613 0 0 34 34 0 0 0 0 1075 1043 1079 1080 1081 1043 1043 1043 1043 1084 1043 1043
1043 1043 1043 1043 1043 1043 1043 1043 1043 1043 1043 1043 1043 1043 1043 1043 1043 1043 1043 1043 1043 1082 1083 1043 1043 1091 0 0 0 0 0 0 1075 1091 0 0 0 0 4 0 0 0 0 0 1075 1043 1043 1091 25 5 27 0 0 21 0 0 0 0 0 0 0 0 0 0 0 0 148 148 0 0 20612 20612 0 0 0 0 1075 1043 1085 1086 1087 1043 1043 1043 1043 1043 1043 1043
1043 1043 1043 1043 1043 1043 1043 1043 1043 1043 1043 1043 1043 1043 1043 1043 1043 1043 1043 1043 1043 1088 1089 1043 1043 1091 0 0 0 0 0 0 1075 1091 0 0 0 0 5 27 0 0 0 0 1075 1043 1084 1107 1101 1151 1103 0 0 21 0 0 0 0 0 0 0 0 0 0 0 0 0 0 0 0 1121 1122 0 0 22528 22528 1075 1043 1092 1041 1042 1043 1043 1082 1083 1043 1043 1043
1043 1043 1043 1043 1043 1043 1043 1043 1043 1043 1043 1043 1043 1043 1043 1043 1043 1043 1043 1043 1043 1043 1084 1043 1043 1091 0 0 4 0 0 0 1075 1091 34 34 34 34 1151 1103 34 34 34 34 1075 1082 1083 1046 1037 1037 1048 0 0 21 0 0 0 0 0 0 0 0 0 0 0 0 0 0 0 0 1075 1091 34 34 34 34 1075 1043 1094 1095 1096 1043 1043 1088 1089 1043 1043 1043
1043 1043 1043 1043 1043 1043 1043 1043 1043 1043 1043 1043 1043 1043 1043 1043 1043 1043 1043 1043 1043 1043 1043 1043 1043 1091 0 0 5 0 0 0 1075 1091 20612 20612 20612 20612 1075 1091 20612 20612 20612 20612 1075 1088 1089 1091 0 0 0 0 0 21 0 0 0 0 0 0 0 54 26 39 39 39 26 27 0 0 1075 1091 20612 20612 20612 20612 1075 1043 1043 1043 1043 1043 1043 1043 1043 1043 1043 1043
1043 1043 1043 1043 1043 1043 1043 1043 1043 1043 1043 1043 1043 1043 1043 1043 1043 1043 1043 1043 1043 1043 1043 1043 1043 1091 34 34 1151 1127 34 34 1075 1107 1132 1132 1132 1132 1140 1107 1132 1132 1132 1132 1113 1043 1043 1091 34 34 34 34 34 21 34 34 34 34 34 34 34 1101 1102 1123 1123 1123 1102 1103 0 0 1075 1107 20489 20489 20489 20489 1124 1043 1043 1043 1043 1043 1043 1043 1043 1043 1043 1043
1043 1043 1043 1043 1043 1043 1043 1043 1043 1043 1043 1043 1043 1043 1043 1043 1043 1043 1043 1043 1043 1043 1043 1084 1043 1091 20612 20612 1075 1091 20612 20612 1075 1043 1043 1043 1043 1043 1043 1043 1043 1043 1043 1084 1043 1043 1043 1091 20612 20612 20612 20612 20612 20501 20612 20612 20612 20612 20612 20612 20612 1129 1115 1114 1114 1114 1115 1128 22528 22528 1075 1043 1043 1043 1043 1043 1043 1043 1082 1083 1043 1043 1043 1043 1043 1043 1043 1043
1043 1043 1043 1043 1043 1043 1043 1043 1043 1043 1043 1043 1043 1043 1043 1043 1043 1043 1043 1043 1043 1043 1043 1043 1043 1107 1132 1132 1113 1107 1132 1132 1140 1043 1043 1043 1043 1043 1043 1082 1083 1043 1043 1043 1043 1043 1043 1107 1132 1132 1132 1132 1122 20501 1121 1132 1132 1132 1132 1132 1132 1113 1043 1043 1043 1043 1084 1107 1112 1112 1113 1043 1043 1043 1043 1084 1043 1043 1088 1089 1043 1043 1043 1043 1043 1043 1084 1043
1043 1043 1043 1043 1043 1043 1043 1043 1043 1043 1043 1043 1043 1043 1043 1043 1043 1043 1043 1043 1043 1043 1043 1043 1043 1043 1043 1043 1043 1082 1083 1084 1043 1043 1043 1043 1043 1043 1043 1088 1089 1043 1043 1043 1043 1043 1043 1043 1043 1084 1090 1037 1048 1045 1047 1037 1039 1043 1043 1043 1043 1043 1043 1043 1043 1043 1043 1043 1043 1043 1043 1043 1043 1043 1043 1043 1043 1043 1043 1043 1043 1043 1043 1043 1043 1043 1043 1043
1043 1043 1043 1043 1043 1043 1043 1043 1043 1043 1043 1043 1043 1043 1043 1043 1043 1043 1043 1043 1043 1043 1043 1043 1043 1043 1084 1043 1043 1088 1089 1043 1043 1043 1084 1043 1043 1043 1043 1043 1043 1043 1043 1043 1043 1084 1043 1043 1043 1043 1091 19585 19585 19586 19585 19585 1075 1043 1043 1043 1043 1043 1043 1043 1043 1084 1043 1043 1043 1043 1043 1084 1043 1043 1043 1043 1043 1043 1043 1043 1043 1043 1043 1043 1043 1043 1043 1043
