64 80
1096 1097 1098 1099 1100 1101 1102 1103 1096 1101 1104 1074 1096 1101 1096 1101 1104 1105 1106 1105 1106 1105 1106 1105 1106 1105 1106 1091 1073 1101 1104 1101 1104 1101 1104 1101 1104 1075 1069 1091 1069 1091 1069 1091 1069 1091 1069 1091 1069 1091 1069 1091 1069 1091 1069 1091 1069 26 1104 1097 1098 1101 1104 1101
1107 1108 1109 1104 1110 1104 1111 1112 1107 1104 1075 1073 1074 1104 1074 1104 1091 20491 20492 20493 20492 20493 20492 20493 20492 20493 20492 20493 1068 1069 1091 1069 1091 1069 1091 1069 1113 27 0 0 0 0 0 0 0 0 0 0 0 0 0 0 0 0 0 0 28 29 26 1108 1109 1102 1103 1096
1104 1101 1104 1114 1115 1101 1116 1074 1117 20616 20491 1068 1069 1091 1069 1091 27 9 9 248 9 248 9 248 9 248 9 248 0 0 0 0 0 0 0 0 0 0 0 0 0 0 0 0 0 0 0 0 0 0 0 0 0 0 0 0 0 28 29 26 1104 1111 1112 1107
1101 1118 1101 1119 1101 1104 1101 1104 20531 20494 9 0 0 0 0 0 0 0 0 0 0 0 0 0 0 0 0 0 0 0 0 0 0 0 0 0 0 0 0 0 0 0 0 0 0 0 0 0 0 0 0 0 0 0 0 0 0 0 28 29 26 1116 1074 1117
1120 1121 1104 1122 1102 1103 1104 20616 20491 249 0 0 0 0 0 0 0 0 0 0 0 0 0 0 0 0 0 0 0 0 0 0 0 30 0 0 0 0 0 0 0 0 0 0 0 0 0 0 0 0 0 0 0 0 0 0 0 0 0 28 29 1101 1123 1101
1101 1104 1101 1104 1111 1112 20531 20494 9 0 0 0 0 0 0 0 0 0 0 0 0 0 0 0 0 0 0 0 0 0 0 0 0 31 0 0 32 0 0 0 0 0 0 0 0 0 0 0 0 0 0 0 10 250 0 0 0 0 0 0 28 1063 1101 1124
1102 1103 1096 1101 1116 20616 20491 249 0 0 0 0 0 0 0 0 0 0 0 0 0 0 10 250 0 0 0 0 0 0 0 0 33 34 35 36 37 38 0 0 0 0 0 0 10240 0 0 0 0 0 0 0 20495 20496 0 0 0 0 0 0 0 1092 1104 1110
1111 1112 1107 1104 20531 20494 9 0 0 0 0 0 0 0 0 0 0 0 0 0 0 0 20495 20496 0 0 0 0 0 0 0 0 1125 1126 1127 1126 1127 1128 0 0 0 0 0 0 10240 0 0 0 0 0 0 0 1125 1128 0 0 0 0 0 0 0 1063 1129 1115
1116 1074 1117 1075 20491 249 0 0 0 0 0 0 0 0 0 0 0 0 0 0 0 0 1126 1130 0 0 0 0 0 0 0 0 1131 1076 1132 1076 1132 1133 0 0 0 0 0 0 10240 0 0 0 0 0 0 0 1134 1135 35 36 36 0 0 0 0 1092 1136 1137
1101 1104 1101 1138 9 0 0 0 0 0 0 0 0 0 0 0 0 0 0 0 0 0 1076 1139 0 4 0 0 0 0 0 0 1140 1141 1101 1104 1101 1138 0 0 0 0 0 0 0 0 0 0 0 0 0 0 1092 1142 1127 1126 1143 21504 21504 21504 21504 1144 1074 1104
1104 1101 1104 1064 0 0 0 0 0 0 0 0 0 0 0 0 0 0 0 0 0 0 1063 1145 35 5 35 36 35 36 35 36 1146 1097 1098 1111 1112 1064 250 10 250 10 250 10 250 10 250 10 250 10 250 10 1063 1147 1132 1148 27 0 0 0 0 1092 1102 1103
1149 1102 1103 1138 0 0 0 0 0 0 30 0 0 0 0 0 0 0 0 0 0 0 1092 1150 1127 1151 1127 1126 1127 1126 1127 1126 1152 1108 1109 1141 1074 1066 20496 20495 20496 20495 20496 20495 20496 20495 20496 20495 20496 20495 20496 20495 1065 1104 1075 27 0 0 0 0 0 39 1111 1112
1104 1111 1112 40 0 0 0 0 0 0 31 4 0 0 0 0 0 0 22528 22528 0 0 1063 1153 1132 1076 1132 1076 1132 1076 1132 1076 1104 1154 1155 1101 1104 1156 1126 1127 1126 1127 1126 1127 1126 1127 1126 1127 1126 1127 1126 1127 1157 1075 27 0 0 30 0 0 0 41 1116 1074
1101 1116 1074 42 0 0 32 0 32 0 34 5 36 43 0 0 0 0 0 0 0 0 44 1073 1101 1141 1101 1104 1101 1123 1111 1112 1101 1158 1159 1123 1160 1073 1076 1132 1076 1132 1076 1132 1076 1132 1076 1132 1076 1132 1076 1132 1161 27 251 0 0 31 4 0 50423 1162 1074 1123
1141 1101 1104 1156 49398 36 37 36 37 50423 1126 1151 1126 1130 0 0 33 0 0 0 0 0 0 44 1073 1101 1141 1111 1112 1101 1116 1074 1141 1107 1104 20616 20494 1068 1073 1074 1141 1074 1104 1101 1104 1101 1104 1075 1069 1091 1069 1091 27 0 0 0 33 34 5 50423 1163 1164 1118 1107
1101 1104 1101 1104 1165 1126 1127 1126 1127 1163 1076 1132 1076 1139 0 0 1125 49398 0 0 0 0 0 0 44 1073 1101 1116 1074 1104 1075 1106 1105 1106 20561 20494 249 0 44 45 1101 1104 1097 1098 1074 1104 1075 27 0 0 0 0 0 0 0 0 1125 1126 1151 1163 1166 1141 1101 1104
1098 1101 1104 1101 1167 1076 1132 1076 1132 1166 1104 1074 1104 1153 22528 22528 1168 1165 49398 0 0 0 0 0 0 44 1069 1091 1069 1091 20494 20492 20493 20492 20493 249 0 0 0 0 39 1074 1108 1109 1104 1075 27 0 0 0 0 0 0 0 0 0 1134 1076 1132 1166 1104 1101 1104 1101
1109 1104 1075 1069 1091 1069 1091 1069 1091 1069 1091 1069 1091 1073 1076 1132 1169 1167 1165 49398 0 0 0 0 30 0 0 0 0 0 249 9 248 9 248 0 0 0 0 0 41 1104 1074 1104 1075 27 33 36 43 0 0 0 0 0 0 0 20497 1073 1074 1141 1097 1098 1170 1171
1172 1075 27 0 0 0 0 0 0 0 0 0 0 1068 1073 1101 1104 1074 1167 1165 49398 0 0 32 31 0 0 0 0 0 0 0 0 0 0 0 0 0 0 50423 1157 1074 1104 1075 27 0 1125 1126 1130 0 0 0 0 0 0 0 252 20497 1073 1074 1108 1109 1172 1173
1149 1138 0 0 0 0 0 0 0 0 0 0 0 0 1068 1073 1074 1102 1103 1167 1165 49398 36 37 34 35 36 43 0 0 0 0 0 0 0 0 0 0 50423 1163 1174 1104 1075 27 0 0 1134 1076 1175 0 0 0 0 0 0 0 253 252 1068 1073 1101 1119 1074 1104
1104 1089 0 0 0 0 0 0 10 250 0 0 0 0 0 1068 1073 1111 1112 1101 1167 1165 1126 1127 1126 1127 1126 1130 0 0 0 0 0 0 0 0 0 50423 1163 1166 1104 1101 1138 0 0 0 46 1106 1105 0 0 0 0 0 0 0 0 253 0 1068 1073 1074 1102 1103
1101 1138 0 0 0 0 0 0 20495 20496 0 0 0 0 0 0 1068 1073 1074 1104 1101 1167 1076 1132 1076 1132 1076 1175 0 0 0 0 0 0 0 0 50423 1163 1166 1104 1111 1112 1071 0 0 0 20493 20492 20493 0 0 0 0 22528 22528 0 0 0 0 0 1092 1141 1111 1112
1104 1089 0 0 0 0 0 0 1126 1130 0 0 0 0 0 0 0 1068 1073 1075 20562 20561 20562 20561 20562 20561 20562 1176 0 0 0 0 0 0 0 50423 1163 1166 1104 1177 1116 1074 1138 0 0 0 248 9 248 0 0 0 0 0 0 0 0 0 0 0 39 1101 1116 1074
1101 1138 0 0 0 0 0 0 1076 1175 0 0 0 0 0 0 0 0 1068 27 20492 20493 20492 20493 20492 20493 20492 0 0 0 0 0 36 35 50423 1163 1166 1104 1101 1178 1179 1180 1071 0 0 0 0 0 0 0 0 0 0 0 0 0 0 0 0 0 41 1102 1103 1123
1104 1089 254 255 0 0 0 0 1063 1089 0 0 0 0 0 0 0 0 0 0 9 248 9 248 9 248 9 0 0 0 0 0 1126 1127 1163 1166 1104 1097 1098 1181 1182 1074 1138 0 0 0 0 0 0 0 0 0 0 0 0 0 0 0 0 50423 1162 1111 1112 1107
1101 42 0 0 0 0 0 0 1092 1066 22551 22552 0 0 0 0 0 0 0 0 0 0 0 0 0 0 0 0 0 0 0 0 1076 1132 1166 1104 1101 1108 1109 1183 1137 1184 47 0 0 0 0 0 0 0 0 0 0 0 0 0 0 256 50423 1163 1164 1116 1074 1104
1104 1156 1126 1127 1126 1130 0 0 1063 1156 1126 1130 0 0 0 0 0 0 0 0 0 0 0 0 0 0 0 0 0 0 0 0 1063 1101 1104 1177 1100 1185 1115 1074 1182 1101 42 0 0 0 0 0 0 0 0 0 0 0 0 0 0 50423 1163 1166 1104 1101 1123 1101
1101 1104 1076 1132 1076 1175 0 0 1092 1104 1076 1175 0 0 0 0 0 0 0 0 0 0 0 0 0 0 0 0 0 0 0 0 1092 1141 1101 1178 1179 1180 1154 1155 1101 1104 1156 49398 0 0 0 0 0 0 0 0 0 0 0 0 257 1186 1166 1104 1074 1118 1107 1112
1104 1101 1102 1103 1096 1089 0 0 1063 1111 1112 1089 0 0 0 0 0 0 0 0 0 0 0 0 0 0 0 0 0 32 4 0 39 1074 1104 1181 1182 1074 1187 1159 1141 1101 1104 1165 49398 0 0 0 258 30 0 0 0 0 0 0 259 48 1073 1074 1141 1101 1116 1097
1101 1104 1111 1112 1107 1066 22551 22553 41 1116 1074 1138 0 0 0 0 0 0 0 0 0 0 0 0 0 0 0 0 36 37 5 35 41 1104 1074 1183 1137 1184 1137 1188 1121 1104 1074 1167 1165 49398 0 0 32 31 4 0 0 0 0 0 0 0 44 49 50 1104 1101 1108
1104 1101 1116 1074 1117 1156 1126 1127 1157 1101 1104 1089 0 0 250 10 250 10 250 10 0 0 250 10 250 10 250 10 1126 1127 1151 1127 1162 1074 1104 1074 1104 1189 1190 1111 1191 1074 1100 1101 1167 1165 49398 36 37 34 5 36 35 0 0 0 0 36 35 44 49 1101 1104 1101
1129 1192 1101 1123 1101 1104 1076 1132 1174 1104 1101 1066 22551 22553 20496 20495 20496 20495 20496 20495 22528 22528 20496 20495 20496 20495 20496 20495 1193 1132 1076 1132 1174 1104 1101 1104 1101 1104 1075 1069 1075 1069 1075 1073 1074 1167 1165 1126 1127 1126 1151 1126 1127 0 0 0 0 1126 1127 1126 1194 1102 1103 1096
1190 1189 1104 1101 1104 1101 1104 1101 1104 1129 1192 1156 1126 1127 1126 1127 1126 1127 1126 1127 1157 1156 1126 1127 1126 1127 1126 1127 1157 1101 1104 1099 1100 1101 1104 1099 1104 1075 27 0 0 0 0 1068 1073 1074 1167 1076 1132 1076 1132 1076 1143 21504 21504 21504 21504 1144 20588 1076 1141 1111 1112 1107
1129 1104 1101 1104 1074 1141 1195 1104 1101 1178 1189 1104 1076 1132 1076 1132 1076 1132 1076 1132 1174 1104 1076 1132 1076 1132 1076 1132 1174 1104 1099 1104 1196 1104 1075 1069 1075 27 0 0 0 0 0 12520 1068 1069 1075 1069 1075 1069 1075 12521 0 0 0 0 0 252 20497 20529 1101 1116 1074 1117
1178 1197 1098 1101 1104 1160 1106 1105 1106 1105 1073 1101 1104 1101 1104 1101 1104 1101 1104 1101 1104 1160 20491 20492 20493 20492 20493 20492 20498 20499 1104 1101 1119 1099 1138 0 0 0 0 258 30 0 0 12520 0 0 0 258 30 0 0 12288 0 0 0 0 0 253 252 20497 20529 1074 1104 1101
1198 1108 1109 1104 1160 20491 20492 20493 20492 20493 20497 1073 1074 1141 1129 1192 1074 1141 1195 1104 1075 20494 9 9 248 9 248 9 248 252 20499 1073 1099 1100 1089 0 0 0 0 32 31 0 36 12323 0 0 0 32 31 0 0 12288 0 0 0 0 0 257 253 252 20497 20562 1101 1104
1104 1101 1104 1160 20494 9 9 248 9 248 252 20497 1106 1199 1178 1074 1104 1197 1098 1075 27 249 0 0 0 0 0 0 257 253 252 1092 1200 1201 1138 0 0 0 33 37 34 36 1126 1127 35 36 35 37 34 36 43 12288 0 0 0 0 0 0 257 253 252 20492 1063 1101
1101 1141 1160 20491 249 0 0 0 0 0 253 252 20492 20498 20499 1073 1198 1108 1109 1066 10 0 0 0 0 0 0 0 0 257 253 1063 1097 1098 1089 5128 5128 5128 1125 1126 1127 1126 1193 1132 1127 1126 1127 1126 1127 1126 1130 12288 0 0 0 0 0 0 0 257 253 9 1092 1104
1104 1075 20494 9 0 0 0 0 0 0 257 253 9 248 252 20497 1073 1074 1141 1156 20500 10 0 0 0 0 0 0 0 0 0 1092 1108 1109 1138 0 0 0 1134 1076 1132 1076 1104 1074 1132 1076 1132 1076 1132 1076 1175 0 0 0 0 0 0 0 0 0 257 0 1063 1101
1202 1138 249 0 0 0 0 0 0 0 0 0 0 257 253 252 20497 1073 1198 1104 1165 20500 10 0 0 0 0 0 0 0 0 39 1099 1104 1089 0 0 0 1068 1069 1091 1069 1091 1069 1091 1073 1101 1117 1105 1106 1105 0 0 0 0 0 0 4 0 0 0 0 1092 1104
1190 1089 0 0 0 0 0 0 0 0 0 0 0 0 257 253 252 1068 1073 1101 1167 1165 20500 10 0 0 0 0 33 36 35 41 1104 12339 27 0 0 0 0 0 0 0 0 0 0 1068 1069 1075 20491 20492 20493 0 0 0 0 0 33 5 43 0 0 0 1063 1177
1129 1138 0 0 0 0 0 0 0 0 0 0 0 0 0 257 253 0 1068 1073 1195 1167 1165 20500 0 0 0 0 1125 1126 1127 1157 51 12315 0 0 0 0 0 0 0 258 30 0 0 0 0 0 12297 9 248 0 0 0 0 0 1125 1151 1130 0 0 0 1092 1178
1178 1089 0 0 0 0 0 0 0 0 0 0 0 0 0 0 257 0 0 1068 1069 1091 1203 1204 0 0 0 0 1134 1076 1132 1174 27 12288 0 0 0 0 0 0 0 32 31 0 0 0 0 0 12288 0 0 0 0 0 0 0 1134 1076 1175 0 0 0 1063 1181
1198 1138 0 0 0 0 0 0 0 0 0 0 0 0 0 0 0 0 0 0 0 0 0 35 36 0 251 0 1024 1024 1024 1024 0 12288 36 35 36 35 36 35 36 37 34 35 36 35 36 43 12288 0 0 0 0 0 0 0 1070 1106 1105 0 0 0 1092 1183
1104 1089 0 0 0 0 0 0 0 0 0 0 0 0 0 0 0 36 35 36 35 36 35 1127 1126 0 0 0 0 0 0 0 0 12288 1126 1127 1126 1127 1126 1127 1126 1127 1126 1127 1126 1127 1126 1130 12288 0 0 0 0 0 0 0 20493 20492 20493 0 0 0 1063 1205
1206 1138 0 0 0 0 0 0 0 0 0 0 0 0 0 0 50423 1126 1127 1126 1127 1126 1127 1207 1208 0 0 0 0 0 0 0 0 0 52 1132 1076 1132 1076 1132 1076 1132 1076 1132 1076 1132 1076 1175 0 0 0 0 4 0 0 0 248 9 248 0 0 0 1092 1104
1209 1089 0 0 0 0 0 0 0 0 0 0 0 0 33 50423 1163 1076 1132 1076 1132 1076 1132 1210 1211 36 53 38 0 0 0 0 33 36 54 1195 1141 1101 1104 1212 1104 1101 1141 1160 1079 1105 1106 1071 0 0 0 0 5 36 43 0 0 0 0 0 0 0 1063 1101
1213 1138 0 0 0 0 0 0 0 0 0 0 0 0 1125 1163 1166 1104 1212 1104 1195 1104 1214 1215 1153 1126 1127 1128 0 0 0 0 1125 1126 1216 1104 1111 1191 1074 1104 1074 1104 1160 20494 20536 20493 20492 20493 0 0 0 0 1151 1126 1130 0 0 0 0 0 0 0 1092 1104
1217 1089 0 0 0 0 0 0 0 0 4 0 0 0 1134 1166 1104 1212 1141 1075 20501 1101 1141 1218 1104 1076 1132 1133 0 0 0 0 1134 1076 1104 1198 1116 1074 1141 1101 1104 1160 20491 249 55 248 9 248 0 0 0 0 1134 1076 1175 0 0 0 0 0 0 0 1063 1202
1219 1138 0 0 0 0 0 0 0 33 5 43 0 0 1068 1073 1105 1106 20561 20491 20502 20501 1199 1141 1197 1098 1101 1138 0 0 0 0 1220 1104 1197 1098 1101 1104 1195 1104 1160 20494 9 260 56 57 0 0 0 0 0 0 1070 1106 1105 0 0 0 33 36 43 0 1092 1190
1184 1089 0 0 0 0 0 0 0 1125 1151 1130 0 0 0 1068 20494 20492 20493 9 253 20502 29 1101 1108 1109 1141 1075 0 0 0 0 58 26 1108 1109 1104 1074 1104 1160 20494 249 0 260 55 57 0 0 0 0 0 0 20493 20492 20493 0 0 0 1125 1126 1130 0 1063 1129
1195 1138 0 0 0 0 0 0 0 1134 1076 1175 0 0 0 0 249 9 248 0 0 253 28 1063 1101 1104 1075 27 0 0 0 0 28 29 1091 1069 1091 1069 1221 20494 249 0 0 260 56 57 0 0 0 0 0 0 248 9 248 0 0 0 1134 1076 1175 0 1092 1178
1115 1089 0 0 33 36 43 0 0 1068 1069 1091 0 0 0 0 0 0 0 0 0 0 257 1068 1069 1091 27 0 0 0 0 0 0 0 0 0 0 0 30 249 0 0 0 260 55 57 0 0 0 0 0 0 0 0 0 0 0 0 1068 1069 1091 0 1063 1198
1101 1138 0 0 1125 1126 1130 0 0 0 0 0 0 0 0 0 0 0 0 0 30 0 0 0 0 0 0 0 0 0 0 0 0 0 32 0 0 0 31 0 0 0 0 260 56 57 0 0 0 0 0 0 0 0 0 0 0 0 258 30 0 0 1092 1104
1104 1089 0 0 1134 1076 1175 0 0 0 0 0 0 0 0 0 0 0 0 4 31 0 0 0 0 0 0 30 0 0 0 0 0 36 37 36 35 36 34 36 35 0 4 260 55 57 0 0 0 0 0 0 0 0 0 0 0 0 4 31 0 32 39 1101
1202 1138 0 0 1068 1069 1091 0 0 0 0 4 0 0 0 0 0 0 36 5 34 35 36 35 0 0 4 31 0 0 0 0 50423 1126 1127 1126 1127 1126 1127 1126 1127 49398 5 260 56 57 36 43 0 0 36 35 36 43 0 0 36 35 5 34 36 37 41 1104
1192 1089 0 0 0 0 0 30 0 0 0 5 35 36 0 0 0 0 1126 1151 1126 1127 1126 1127 49398 36 5 34 35 36 35 50423 1163 1076 1132 1076 1132 1076 1132 1076 1132 1165 1151 59 60 61 1126 1130 0 0 1126 1127 1126 1130 5128 5128 1126 1127 1151 1127 1126 1127 1157 1101
1101 1138 0 0 0 0 0 31 0 0 50423 1151 1127 1126 10 0 0 0 1222 1132 1076 1132 1076 1132 1165 1126 1151 1126 1127 1126 1127 1163 1166 1104 1074 1104 1101 1104 1074 1104 1074 1167 1223 19690 19691 19692 1193 1139 0 0 1193 1132 1076 1139 36 35 1193 1132 1076 1132 1076 1132 1224 1104
1104 1089 0 0 0 0 33 34 35 50423 1163 1076 1132 1225 20500 10 0 0 257 44 1073 1101 1104 1074 1167 1076 1132 1076 1132 1076 1132 1166 1104 1074 1104 1074 1226 1122 1190 1227 1104 1195 1228 19693 19694 19695 1157 1153 1126 1127 1157 1111 1191 1153 1126 1127 1157 1101 1104 1101 1104 1099 1104 1099
1101 1138 0 0 0 0 1125 1126 1127 1163 1166 1104 1074 1229 20621 20500 10 0 0 0 44 1073 1074 1141 1154 1155 1074 1104 1101 1104 1074 1104 1075 1069 62 1069 62 1069 62 1069 1101 1104 1153 1132 1076 1132 1174 1230 1076 1132 1174 1231 1218 1230 1076 1132 1224 1104 1099 1104 1099 1104 1101 1104
1171 1089 0 0 0 0 1134 1076 1132 1166 1104 1114 1226 1206 1167 20621 20500 10 0 0 0 44 1073 1074 1100 1159 1141 1232 1209 1101 1141 1075 27 0 0 0 0 0 0 28 58 26 1104 1233 1234 1074 1235 1129 1192 1101 1104 1101 1141 1099 1236 1111 1191 1099 1104 1099 1104 1075 1073 1099
1227 1138 0 0 0 0 1092 1104 1197 1098 1074 1119 1202 1171 1101 1167 20621 20500 10 0 0 0 44 1073 1179 1104 1237 1238 1213 1104 1075 27 0 0 0 0 0 0 0 0 28 29 1101 1104 1101 1104 1099 1119 1101 1104 1099 1104 1099 1226 1239 1231 1218 1104 1075 1069 63 27 1092 1104
1192 1089 0 0 0 0 58 1101 1108 1109 1104 1122 1190 1074 1104 1101 1167 20621 20500 10 0 0 0 44 1073 1074 1240 1241 1217 1075 27 0 0 0 0 0 0 0 0 0 0 28 58 26 1104 1099 1104 1242 1104 1101 1104 1101 1104 1099 1104 1099 1141 1075 27 0 0 0 1063 1074
1189 1138 0 0 0 0 28 58 1101 1104 1101 1104 1074 1235 1129 1104 1074 1167 20621 20500 10 0 0 0 44 1073 1074 1104 1075 27 0 0 0 0 0 0 0 0 0 0 0 0 28 29 1101 1104 1101 1243 1099 1104 1075 1069 63 1069 63 1069 63 27 0 0 0 0 1092 1104
1244 1089 0 0 0 0 0 28 29 1074 1104 1074 1104 1189 1178 1195 1104 1101 1167 20621 20500 0 0 0 0 1245 1226 1075 27 0 0 0 0 0 0 0 0 0 0 0 0 0 0 28 58 26 1104 1179 1104 1075 27 0 0 0 0 0 0 0 0 0 0 0 1063 1099
1114 1138 0 0 0 0 0 0 28 58 1091 1069 1091 1069 1101 1104 1101 1104 1227 1167 1246 0 0 0 0 1063 1202 1138 0 0 0 0 0 0 0 0 0 0 0 0 0 0 0 0 28 58 62 1069 62 27 0 0 0 0 0 0 0 0 0 0 0 0 1092 1104
1119 1089 0 0 0 0 0 0 0 0 0 0 0 0 58 1101 1235 1129 1104 1114 64 0 0 0 0 1092 1190 1089 0 0 0 0 0 0 0 0 0 0 0 0 0 0 0 0 0 0 0 0 0 0 0 0 0 0 0 0 0 0 0 0 0 0 1063 1074
1214 1138 0 0 0 0 0 0 0 0 0 0 0 0 28 58 1189 1178 1101 1119 1143 21504 21504 21504 21504 1144 1129 1138 0 0 0 0 0 0 0 0 0 0 0 0 0 0 0 0 0 0 0 0 0 0 0 0 0 0 0 0 0 0 0 0 0 0 1092 1104
1116 65 0 32 4 32 0 0 0 0 0 0 0 0 0 28 58 1195 1104 1101 1138 0 0 0 0 1092 1178 1089 0 0 0 0 0 0 0 0 0 0 0 0 0 0 0 0 0 0 0 0 0 0 0 0 0 0 0 0 0 0 0 0 0 0 1063 1247
1101 42 36 37 5 37 0 0 0 0 0 0 0 0 0 0 28 58 1075 1069 1248 0 0 0 0 66 67 27 0 0 0 0 0 0 0 0 0 0 0 0 0 0 0 0 0 0 0 0 0 0 0 0 0 0 0 0 0 0 0 0 0 0 68 1119
1244 1156 1126 1127 1151 1127 49398 0 0 0 0 0 0 0 0 0 0 28 69 0 0 12288 0 0 0 0 0 0 0 0 0 0 0 0 0 0 0 0 0 0 0 0 0 0 0 0 0 0 0 0 0 0 33 36 35 36 35 36 35 36 35 36 70 1242
1101 1104 1076 1132 1076 1132 1165 49398 0 0 0 0 30 0 0 0 0 0 0 0 0 12288 0 0 0 0 0 0 0 0 0 0 0 0 0 0 0 0 0 0 0 0 0 0 0 0 0 0 0 0 0 0 1249 1126 1127 1126 1127 1126 1127 1126 1127 1126 1250 1243
1104 1101 1104 1101 1104 1101 1167 1165 49398 0 0 32 31 0 0 0 0 0 0 0 0 12288 0 0 0 0 0 0 0 0 0 0 0 0 0 0 0 0 0 0 0 0 0 0 0 0 0 0 0 0 0 0 1134 1076 1132 1076 1132 1076 1132 1076 1132 1076 1251 1179
1114 1115 1074 1104 1097 1098 1099 1167 1165 49398 36 37 34 35 0 0 0 0 0 0 0 12288 0 0 0 0 0 0 0 0 0 0 0 0 0 0 0 0 0 0 0 0 0 0 0 0 0 0 0 0 0 0 1092 1141 1097 1098 1101 1104 1101 1100 1114 1104 1101 1234
1119 1101 1096 1101 1108 1109 1104 1101 1167 1165 1126 1127 1126 1127 49398 0 0 32 0 0 0 12288 0 0 0 0 0 0 0 0 0 0 0 0 0 0 0 0 0 0 0 0 0 0 0 0 33 36 250 10 250 10 1063 1099 1108 1109 1104 1101 1104 1179 1119 1214 1191 1101
1122 1117 1107 1096 1101 1104 1252 1191 1101 1167 1076 1132 1076 1132 1165 49398 36 37 36 35 36 12288 0 0 0 0 36 36 71 71 71 71 71 71 71 71 71 71 71 71 71 71 71 71 71 71 1249 1126 20496 20495 20496 20495 1065 1104 1101 1104 1114 1104 1101 1253 1101 1116 1218 1104
1141 1101 1104 1254 1104 1101 1116 1218 1104 1101 1104 1252 1191 1101 1167 1165 1126 1127 1126 1127 1126 12298 250 10 250 10 1126 1126 19696 19697 19698 19696 19697 19698 19696 19697 19698 19696 19697 19698 19696 19697 19698 19696 19697 19698 1131 1076 1126 1127 1126 1127 1157 1074 1141 1099 1119 1101 1104 1185 1104 1101 1141 1101
1101 1104 1101 1104 1101 1104 1101 1104 1247 1104 1101 1116 1074 1104 1101 1167 1076 1132 1076 1132 1208 20495 20496 20495 20496 20495 1193 1139 19699 19700 19701 19699 19700 19701 19699 19700 19701 19699 19700 19701 19699 19700 19701 19699 19700 19701 1140 1141 1076 1132 1076 1132 1174 1096 1099 1115 1101 1104 1179 1255 1214 1191 1101 1104
1104 1101 1141 1101 1104 1074 1104 1074 1119 1101 1104 1074 1104 1074 1104 1074 1104 1202 1104 1195 1211 1127 1126 1127 1126 1127 1157 1153 1126 1127 1126 1127 1126 1127 1126 1127 1126 1127 1126 1127 1126 1127 1126 1127 1126 1127 1157 1101 1104 1101 1104 1114 1104 1107 1096 1099 1104 1101 1253 1101 1116 1218 1104 1101
1101 1104 1101 1104 1101 1104 1074 1104 1101 1104 1101 1104 1202 1104 1195 1104 1074 1104 1101 1104 1153 1132 1076 1132 1076 1132 1174 1230 1076 1132 1076 1132 1076 1132 1076 1132 1076 1132 1076 1132 1076 1132 1076 1132 1076 1132 1174 1100 1101 1141 1101 1119 1101 1104 1252 1191 1101 1104 1195 1115 1101 1141 1101 1104
