88 59
1068 1068 1068 1068 1068 1068 1068 1068 1068 1068 1068 1068 1068 1076 1077 1078 1068 1068 1068 1068 1068 1068 1068 1068 1068 1068 1068 1068 1068 1076 1077 1078 1068 1068 1068 1068 1068 1070 1068 1068 1068 1068 1068 1068 1068 1068 1068 1068 1068 1068 1068 1068 1068 1068 1068 1068 1068 1074 1075 1068 1068 1068 1068 1068 1068 1068 1068 1068 1068 1068 1068 1068 1068 1068 1068 1068 1068 1068 1068 1068 1068 1068 1068 1068 1068 1068 1068 1068
1068 1079 1080 1081 1068 1068 1068 1068 1068 1068 1068 1074 1075 1082 1083 1084 1068 1068 1068 1068 1068 1068 1068 1068 1068 1068 1068 1068 1068 1082 1083 1084 1068 1068 1068 1068 1068 1068 1068 1068 1068 1068 1068 1068 1074 1075 1068 1068 1068 1068 1068 1068 1068 1068 1068 1068 1068 1085 1086 1068 1068 1068 1068 1068 1068 1068 1068 1070 1068 1068 1074 1075 1068 1068 1068 1068 1068 1068 1068 1068 1068 1068 1068 1068 1068 1068 1068 1068
1068 1087 1068 1088 1068 1068 1070 1068 1068 1068 1068 1085 1086 1089 1090 1091 1068 1068 1068 1068 1068 1068 1068 1068 1070 1068 1068 1068 1068 1089 1090 1091 1068 1068 1068 1068 1068 1068 1068 1068 1068 1068 1068 1068 1085 1086 1068 1068 1068 1068 1068 1068 1068 1068 1068 1068 1068 1068 1068 1068 1079 1080 1081 1068 1068 1068 1068 1068 1068 1068 1085 1086 1068 1068 1068 1068 1068 1068 1068 1068 1070 1068 1068 1068 1068 1079 1080 1081
1068 1092 1093 1094 1068 1068 1068 1068 1068 1068 1068 1068 1068 1069 1095 1096 1068 1068 1068 1068 1068 1074 1075 1068 1068 1068 1068 1068 1068 1069 1095 1096 1068 1068 1068 1068 1070 1068 1079 1080 1081 1068 1068 1068 1068 1068 1068 1068 1068 1068 1068 1074 1075 1068 1068 1068 1068 1068 1068 1068 1087 1068 1088 1068 1068 1068 1068 1079 1080 1081 1068 1068 1068 1068 1068 1079 1080 1081 1068 1068 1068 1068 1068 1068 1068 1087 1068 1088
1068 1068 1068 1068 1068 1068 1068 1068 1068 1097 1060 1060 1098 1068 1068 1068 1068 1068 1068 1068 1068 1085 1086 1050 1049 1068 1070 1050 1049 1068 1068 1068 1068 1074 1075 1068 1068 1068 1087 1068 1088 1068 1068 1068 1068 1068 1068 1068 1068 1068 1068 1085 1086 1068 1068 1068 1068 1068 1068 1068 1092 1093 1094 1074 1075 1068 1068 1087 1068 1088 1068 1068 1068 1068 1068 1087 1068 1088 1068 1068 1074 1075 1068 1068 1068 1092 1093 1094
1068 1070 1068 1068 1074 1075 1068 1068 1068 1073 0 0 1067 1068 1068 1070 1068 1068 1068 1068 1068 1068 1050 23 24 25 26 23 24 1060 1049 1068 1068 1085 1086 1068 1068 1068 1092 1093 1094 1068 1068 1068 1050 1049 1068 1070 1050 1049 1070 1068 1068 1068 1068 1068 1068 1070 1068 1068 1068 1068 1068 1085 1086 1068 1068 1092 1093 1094 1068 1068 1068 1070 1068 1092 1093 1094 1068 1068 1085 1086 1068 1068 1068 1068 1068 1068
1068 1068 1068 1068 1085 1086 1068 1068 1068 1073 0 0 1067 1097 1060 1060 1060 1060 1060 1060 1060 1060 23 0 115 24 23 115 0 0 24 1060 1060 1060 1098 1068 1068 1068 1068 1068 1068 1068 1068 26 23 24 25 26 23 24 1060 1060 1060 1060 1060 1049 1068 1068 1068 1068 1068 1070 1068 1068 1068 1068 1068 1068 1068 1068 1068 1068 1068 1068 1068 1068 1068 1068 1068 1068 1068 1068 1068 1068 1068 1068 1068 1068
1068 1068 1068 1068 1068 1068 1068 1068 1070 1073 0 0 1067 1073 1099 1100 0 0 0 0 0 0 0 0 0 0 0 0 0 0 0 0 0 0 1067 1068 1068 1097 1060 1060 1060 1060 1060 23 0 115 24 23 115 0 0 0 0 0 12288 24 1049 1068 1068 1068 1050 1101 1101 1101 1101 1101 1060 20557 20557 20557 20557 20557 20557 20557 1049 1068 1068 1068 1068 1068 1068 1070 1068 1068 1068 1068 1070 1068
1068 1097 1101 1101 1101 1101 1101 1101 1101 1102 0 0 1067 1073 0 0 0 0 0 0 0 0 0 0 27 28 115 0 0 0 0 0 0 0 1067 1097 1060 1103 0 0 0 12288 0 0 0 0 0 0 0 0 0 0 0 0 12288 0 24 1049 1068 1050 20491 20492 20492 20492 20492 20492 1104 20492 20492 20492 20492 20492 20492 20492 24 1049 1068 1070 1050 1049 1068 1068 1068 1068 1068 1068 1068 1068
1068 1073 20492 20492 20492 20492 20492 20492 20492 20492 0 0 1067 1073 0 0 29 30 0 31 29 32 29 29 50288 51313 52338 30 0 0 0 0 0 0 1067 1073 33 34 35 0 0 12288 0 0 0 0 0 0 0 0 0 0 0 0 12288 0 0 24 1049 1073 20493 116 116 116 116 116 0 116 116 116 116 116 116 116 0 24 25 26 23 24 36 36 1049 1068 1070 1050 1060 1098
1068 1073 116 116 116 116 116 116 116 116 0 0 1067 1105 1106 1107 1108 1109 32790 1110 1108 1111 1108 1108 1112 1113 1114 1109 0 0 0 0 0 0 1067 1073 37 38 0 0 0 12288 0 0 0 0 0 0 0 0 0 0 0 0 12288 0 0 0 1067 1073 117 0 0 0 0 0 0 0 0 0 0 0 0 0 0 115 24 23 115 0 0 0 24 25 26 23 0 1067
1068 1073 0 0 0 0 0 0 0 0 0 0 39 1060 1060 1098 1115 1073 32790 1067 1115 1116 1115 1115 1068 1070 1068 1073 0 0 0 0 0 0 1067 1073 40 41 42 0 0 12288 31 29 29 32 29 29 29 29 29 32 29 30 12288 0 0 0 1063 1103 0 0 0 0 0 0 0 0 0 0 0 0 0 0 0 0 0 0 0 0 0 0 115 24 23 115 0 1067
1068 1073 0 0 0 0 0 0 0 0 0 0 0 0 1024 1067 1070 1073 32790 1063 1060 1060 1098 1068 1050 1060 1060 1103 0 0 0 31 29 29 1117 1105 1118 1119 0 0 0 12288 1110 1108 1108 1111 1108 1108 1108 1108 1108 1111 1108 1109 12288 0 0 0 0 0 0 0 0 0 0 0 0 0 0 0 0 0 0 0 0 0 0 0 0 0 0 0 0 0 0 0 0 1067
1068 1073 0 0 0 0 0 0 0 0 0 0 0 0 1024 1067 1068 1073 0 0 0 0 1067 1050 23 0 0 0 0 0 0 1110 1108 1108 1098 1068 1068 1073 0 0 0 0 1067 1097 1101 1101 1101 1101 1101 1098 1116 1116 1115 1073 0 0 0 0 0 0 0 0 0 0 0 0 0 0 0 0 0 0 0 0 0 0 0 0 0 0 0 0 0 0 0 0 0 1067
1068 1073 0 0 0 0 0 0 0 0 0 0 0 0 1024 1067 1068 1073 0 0 0 0 1067 1073 0 0 0 0 0 0 0 1063 1060 1060 1067 1068 1068 1073 0 0 0 0 1067 1073 20492 20492 20492 20492 20492 1067 1070 1070 1068 1073 0 0 115 115 0 4 0 0 0 0 0 0 0 0 0 0 0 0 0 0 0 0 0 0 0 0 0 0 0 0 0 0 0 1067
1068 1073 0 0 0 0 0 0 0 0 0 0 0 0 1024 1067 1068 1073 0 0 0 0 39 1103 0 0 0 0 0 0 0 0 0 0 1067 1070 1068 1073 0 0 0 0 1067 1073 116 116 116 116 116 1067 1068 1068 1068 1073 0 0 31 29 29 5 0 0 0 0 0 0 0 0 0 0 0 0 31 29 29 30 0 0 0 0 0 0 0 0 0 0 0 1067
1068 1073 0 0 0 0 0 0 4 0 0 0 0 0 1120 1117 1068 1073 0 0 0 0 0 0 0 0 0 0 27 29 32 30 0 0 1067 1068 1068 1073 0 0 0 0 1067 1073 0 0 0 0 0 1067 1068 1068 1068 1073 0 0 1110 1108 1108 1121 118 119 119 119 119 119 0 119 119 119 119 120 1110 1108 1108 1109 0 0 119 119 0 0 0 0 0 121 122 1067
1068 1073 0 0 0 0 0 0 5 30 0 0 0 0 1067 1070 1068 1073 0 0 0 0 0 0 0 0 0 27 50288 1108 1111 1109 0 0 1067 1074 1075 1073 0 0 22528 22528 1063 1104 0 0 0 0 0 1063 1098 1068 1068 1073 22528 22549 1067 1115 1115 1092 20494 20495 20495 20495 20495 20495 1122 20495 20495 20495 20495 20496 1123 1115 1115 1073 0 0 20590 20590 0 0 31 29 32 29 32 1067
1068 1073 0 0 0 0 0 0 1121 1109 0 0 0 0 1067 1068 1068 1073 0 0 0 0 0 0 0 0 31 50288 1112 1115 1115 1073 4105 4106 1067 1085 1086 1073 0 0 0 0 0 0 0 0 0 0 0 1024 1067 1068 1068 1105 1118 1118 1117 1068 1070 1068 1124 1125 1125 1125 1125 1125 1118 1125 1125 1125 1125 1126 1068 1068 1068 1073 0 0 1127 1128 0 0 1110 1108 1111 1108 1111 1117
1068 1073 31 30 0 0 0 0 1129 1102 0 0 0 0 1067 1068 1070 1073 0 0 0 0 0 0 0 0 1110 1112 1068 1068 1070 1073 3081 3082 1067 1068 1068 1073 0 0 0 0 0 0 0 0 0 0 0 1024 1067 1068 1068 1068 1068 1068 1068 1068 1068 1068 1068 1068 1068 1068 1068 1068 1068 1068 1070 1068 1068 1068 1068 1070 1068 1073 0 0 1067 1073 0 0 1067 1115 1116 1115 1116 1068
1068 1073 1110 1109 0 0 0 0 20492 20492 0 0 0 0 1067 1074 1075 1073 29 29 29 29 30 0 0 0 1067 1070 1050 1060 1060 1103 3081 3082 1067 1068 1068 1073 0 0 0 0 0 0 0 0 0 0 0 1024 1067 1068 1068 1079 1080 1081 1068 1068 1068 1074 1075 1068 1068 1068 1068 1070 1068 1068 1068 1076 1077 1078 1068 1070 1068 1073 22528 22528 1067 1073 0 0 1067 1068 1074 1075 1068 1068
1068 1073 1129 1102 0 0 0 0 116 116 0 0 0 0 1067 1085 1086 1105 1108 1108 1108 1108 1109 0 0 0 1067 1050 23 0 0 0 3081 3082 1067 1068 1070 1073 0 0 29 32 29 0 0 0 0 0 0 1024 1067 1068 1068 1087 1068 1088 1068 1068 1068 1085 1086 1068 1079 1080 1081 1068 1068 1068 1068 1082 1083 1084 1068 1068 1068 1105 1118 1118 1117 1073 22528 22528 1067 1068 1085 1086 1068 1068
1068 1073 20492 20492 0 0 0 0 0 0 0 0 0 0 1067 1097 1060 1060 1060 1060 1060 1060 1103 0 0 0 1067 1073 0 0 0 0 0 0 1067 1068 1068 1105 0 0 1108 1111 1108 1122 0 0 0 0 0 1120 1117 1068 1068 1092 1093 1094 1068 1068 1068 1068 1068 1068 1087 1068 1088 1070 1068 1068 1068 1089 1090 1091 1068 1068 1068 1068 1068 1068 1068 1105 1118 1118 1117 1068 1068 1068 1068 1068
1068 1073 116 116 0 0 0 0 0 0 0 0 0 0 1067 1073 0 0 0 0 0 0 0 0 31 32 1067 1073 0 0 0 0 0 0 1067 1068 1068 1068 22528 22528 1115 1074 1075 1073 0 0 0 0 0 1067 1068 1068 1068 1068 1068 1068 1068 1070 1050 1049 1068 1068 1092 1093 1094 1068 1068 1068 1068 1069 1095 1096 1068 1068 1068 1068 1068 1050 1101 1101 1101 1101 1101 1049 1068 1068 1070 1068
1068 1073 0 0 0 0 0 0 0 0 0 0 0 0 1067 1073 0 0 0 0 0 0 0 0 1110 1111 1117 1073 0 0 0 0 0 0 1067 1068 1076 1077 1078 1068 1068 1085 1086 1073 0 0 0 0 0 1067 1068 1068 1068 1068 1068 1068 1068 26 23 24 36 36 1049 1068 1068 1068 1068 1068 1068 1070 1068 1068 1068 1068 1068 1068 1050 20491 20492 20492 20492 20492 20492 20591 1049 1068 1068 1068
1068 1073 0 0 0 0 31 30 0 0 0 0 0 0 1067 1073 0 0 0 0 0 0 0 0 1067 1116 1068 1073 0 0 0 0 0 0 1067 1068 1082 1083 1084 1068 1068 1068 1068 1073 0 0 0 0 0 1067 1068 1068 1068 26 36 36 36 23 115 0 0 0 24 1049 1068 1068 1074 1075 1068 1068 1068 1068 1068 1068 1068 1050 20491 20493 116 116 116 116 116 20497 20591 1049 1068 1068
1068 1073 0 0 0 0 1110 1109 0 0 0 0 0 0 1067 1073 0 0 0 31 29 29 29 29 1067 1068 1068 1073 0 0 0 0 0 0 1067 1068 1089 1090 1091 1074 1075 1068 1068 1073 0 0 0 0 0 1067 1070 1070 26 23 0 0 0 0 0 0 0 0 0 24 1049 1068 1085 1086 1068 1068 1068 1050 1101 1101 1101 20491 20493 117 0 0 0 0 0 123 20497 20591 1049 1068
1068 1073 0 0 0 0 1129 1102 0 0 0 0 0 0 1067 1073 0 0 0 1110 1108 1108 1108 1108 1117 1068 1050 23 0 0 0 0 0 0 43 44 45 1095 1096 1085 1086 1068 1068 1073 0 0 0 0 0 1063 1060 1060 23 0 0 0 0 0 0 0 0 0 0 0 24 25 1068 1068 1068 1068 1050 20491 20492 20492 20492 20493 117 0 0 0 0 0 0 0 123 20497 1067 1068
1068 1073 0 0 0 0 20492 20492 0 0 4 0 0 0 1067 1073 118 119 120 1067 1068 1097 1060 1060 1060 1060 23 0 0 0 0 0 0 0 43 44 44 1068 1068 1068 1068 1068 1070 1073 0 0 0 0 0 0 0 0 0 0 0 0 0 0 0 0 0 0 0 0 115 24 1060 1060 1098 1079 20491 20493 116 116 116 117 0 0 0 0 0 0 0 0 0 123 1067 1068
1068 1073 0 0 0 0 116 116 0 0 5 29 29 29 1067 1105 20494 20495 20496 1117 1068 1073 1024 1024 1024 1024 0 0 0 0 0 0 0 0 43 46 44 1068 1068 1079 1080 1081 1068 1073 0 0 0 0 0 0 0 0 0 0 0 0 0 0 0 0 0 0 0 0 0 0 0 124 1067 1073 20493 117 0 0 0 0 0 0 0 0 0 0 0 0 0 0 1067 1068
1068 1073 0 0 0 0 0 0 0 0 1121 1108 1108 1108 1117 1068 1124 1125 1126 1068 1068 1073 0 0 0 0 0 0 0 0 0 0 0 0 1067 1068 1068 1068 1068 1087 1068 1088 1068 1073 0 0 0 0 0 4 0 0 27 28 115 0 0 0 0 0 0 0 0 0 0 0 0 0 1063 1103 117 0 0 0 0 0 0 0 0 0 0 0 0 0 0 120 1067 1068
1068 1073 29 29 29 29 30 0 0 0 1129 1101 1101 1101 1101 1101 1101 1101 1101 1101 1101 1103 0 0 0 0 0 0 0 0 0 0 0 0 1067 1068 1068 1070 1068 1092 1093 1094 1068 1073 0 0 0 0 0 5 29 29 50288 51313 52338 30 0 0 0 0 0 0 0 0 31 28 0 0 0 0 0 0 0 0 0 0 0 0 0 0 0 0 0 0 120 20496 1117 1068
1068 1105 1108 1108 1108 1108 1109 0 0 0 20492 20492 20492 20492 20492 20492 20492 20492 20492 20492 20492 0 0 0 0 0 0 4 0 0 0 0 0 0 1067 1097 47 1098 1068 1074 1075 1068 1050 20491 0 0 0 0 0 1121 1108 1108 1112 1113 1114 1109 0 0 0 0 0 0 0 0 1110 51313 52338 29 28 115 0 4 0 0 0 0 0 0 0 0 119 119 119 120 20496 20582 1068 1068
1068 1068 1115 1115 1115 1097 1073 0 0 0 116 116 116 116 116 116 116 116 116 116 116 0 0 0 0 0 31 5 29 30 0 0 0 0 1129 1101 48 1123 1068 1085 1086 1050 20491 20493 0 0 0 0 0 1067 1115 1115 1068 1068 1068 1073 118 0 0 0 0 0 0 0 1067 1113 1114 1108 51313 52338 29 5 0 0 0 0 0 0 0 120 20495 20495 20495 20496 20582 1068 1068 1068
1068 1068 1068 1068 1068 1073 1130 0 0 0 0 0 0 0 0 0 0 0 0 0 0 0 0 0 0 0 1110 1121 1108 1109 0 0 0 0 20492 20492 20498 1049 1068 1068 1050 20491 20493 117 0 0 0 0 0 1067 1068 1068 1074 1075 1070 1105 20494 118 119 119 119 119 119 119 1067 1068 1068 1115 1113 1114 1108 1121 119 119 119 119 119 119 120 20496 20499 1125 1125 1126 1068 1068 1068 1068
1068 1068 1068 1068 1068 1073 1130 0 0 0 0 0 0 0 0 0 0 0 0 0 0 0 0 0 0 0 1067 1068 1115 1073 0 0 0 0 116 116 20498 20500 1049 1050 20491 20493 117 0 0 0 0 0 0 1063 1098 1068 1085 1086 1068 1068 20580 20494 20495 20495 20495 20495 20495 20495 1067 1068 1068 1068 1068 1068 1115 1073 20495 20495 20495 20495 20495 20495 20496 20582 1068 1068 1068 1068 1068 1068 1068 1068
1068 1068 1068 1068 1068 1073 1130 0 0 0 0 0 0 0 0 0 0 0 0 0 0 0 0 0 0 0 1067 1068 1068 1073 0 0 0 0 0 0 48 20497 20500 20491 20493 117 0 0 0 0 0 0 0 1024 1067 1068 1068 1068 1068 1068 1068 1124 1125 1125 1125 1125 1125 1125 1117 1068 1068 1068 1068 1068 1068 1105 1125 1125 1125 1125 1125 1125 1126 1068 1068 1068 1068 1068 1068 1068 1068 1068
1068 1074 1075 1068 1068 1073 1130 0 0 0 0 4 0 0 0 0 0 0 0 0 0 0 0 0 0 0 1067 1074 1075 1073 0 0 0 0 0 0 48 123 20497 20493 117 0 0 0 0 0 0 0 0 1024 1067 1068 1068 1097 1060 1060 1060 1060 1098 1068 1068 1068 1068 1068 1068 1079 1080 1081 1074 1075 1068 1068 1068 1068 1068 1068 1068 1068 1068 1068 1068 1068 1068 1068 1068 1068 1068 1068
1068 1085 1086 1068 1068 1105 1119 29 29 29 29 5 0 0 0 0 0 0 0 0 0 0 0 0 0 0 1067 1085 1086 1073 0 0 0 0 0 0 48 0 123 117 0 0 0 0 0 0 0 0 0 1024 1067 1068 1068 1073 0 0 0 0 1067 1068 1068 1068 1068 1068 1068 1087 1068 1088 1085 1086 1068 1068 1050 1060 1060 1060 1060 1060 1060 1060 1060 1060 1060 1060 1049 1068 1068 1068
1068 1068 1068 1068 1068 1068 1092 1108 1108 1108 1108 1121 119 0 0 0 0 0 0 0 0 0 0 0 0 0 1067 1068 1068 1073 0 0 0 0 0 0 48 0 0 0 0 0 0 0 0 0 0 0 0 1024 1067 1068 1068 1073 0 0 0 0 1067 1068 1071 1068 1074 1075 1068 1092 1093 1094 1068 1068 1068 1050 23 0 0 0 0 0 0 0 0 0 0 0 24 25 1068 1068
1068 1068 1070 1068 1068 1068 1068 1115 1115 1115 1115 1073 20495 118 0 0 0 0 0 0 0 0 0 0 0 0 1067 1070 1068 1073 0 0 0 0 0 0 48 0 0 0 0 0 0 0 0 0 0 0 0 1120 1117 1068 1068 1073 0 0 0 0 1067 1068 1072 1068 1085 1086 1068 1068 1068 1068 1068 1068 1068 1073 0 0 0 0 0 0 0 0 0 0 0 0 115 24 25 1068
1068 1068 1068 1068 1074 1075 1068 1068 1068 1068 1068 1105 20581 20494 118 0 0 0 0 0 0 0 0 0 0 120 1067 1068 1068 1073 0 0 0 0 0 0 48 0 0 0 0 0 0 0 0 0 0 0 0 1063 1060 1060 1060 1103 0 0 0 0 1067 1068 1072 1068 1068 1068 1068 1068 1068 1068 1068 1068 1068 1073 0 0 0 0 0 0 0 0 0 0 0 0 115 0 1067 1068
1068 1068 1068 1068 1085 1086 1068 1070 1068 1068 1068 1068 1068 20580 20494 118 119 119 119 119 119 119 119 119 120 20496 1117 1068 1068 1073 0 0 0 0 0 0 48 0 0 0 0 0 0 0 0 0 0 0 0 0 0 0 0 0 0 0 0 0 1067 1068 1072 1068 1068 1068 1068 1068 1068 1068 1068 1068 1068 1073 0 0 31 30 0 0 0 0 0 0 31 30 0 0 1067 1068
1068 1068 1068 1068 1068 1068 1068 1068 1068 1068 1068 1068 1068 1068 20580 20494 20495 20495 20495 20495 20495 20495 20495 20495 20496 20582 1068 1068 1068 1073 0 0 0 0 0 0 48 0 0 0 0 4 0 0 0 0 115 0 0 0 0 0 0 0 0 0 0 0 1067 1068 1072 1068 1068 1068 1068 1074 1075 1068 1068 1070 1068 1073 0 0 1110 1109 0 0 0 0 0 0 1110 1109 0 0 1067 1068
1068 1068 1068 1068 1076 1077 1078 1068 1068 1068 1068 1074 1075 1068 1068 1124 1125 1125 1125 1125 1125 1125 1125 1125 1126 1068 1068 1068 1068 1073 0 0 0 0 0 0 48 0 31 29 29 5 29 32 29 32 29 30 0 0 0 0 0 0 0 0 0 0 1067 1068 1072 1068 1070 1068 1068 1085 1086 1068 1097 1060 1060 1103 0 0 1063 1103 0 0 0 0 0 0 1063 1103 0 0 1067 1068
1068 1068 1068 1068 1082 1083 1084 1068 1068 1068 1068 1085 1086 1068 1070 1068 1068 1068 1068 1068 1068 1068 1068 1074 1075 1068 1068 1068 1068 1073 0 0 0 0 0 0 48 0 1110 1108 1108 1121 1108 1111 1108 1111 1108 1109 0 0 0 0 4 0 0 0 0 0 43 44 48 44 44 44 44 44 44 44 49 0 0 0 0 0 0 0 0 0 0 0 0 0 0 0 0 0 1067 1068
1070 1068 1068 1068 1089 1090 1091 1068 1068 1068 1068 1068 1068 1068 1068 1068 1068 1068 1068 1068 1068 1068 1068 1085 1086 1068 1070 1068 1068 1073 0 0 0 0 0 0 48 0 1067 1115 1115 1068 1115 1116 1115 1116 1115 1073 0 0 0 0 5 30 0 0 0 0 43 44 48 44 44 44 44 44 44 44 49 0 0 4 0 0 0 0 0 0 0 0 0 0 0 0 0 0 1067 1068
1068 1068 1068 1068 1069 1095 1096 1068 1068 1068 1068 1076 1077 1078 1068 1068 1068 1068 1068 1068 1068 1068 1068 1068 1068 1068 1068 1068 1068 1073 118 0 0 0 0 0 48 0 1067 1068 1074 1075 1068 1068 1068 1068 1068 1073 0 0 0 0 1121 1109 0 0 0 0 43 44 48 44 44 50 51 44 44 44 49 29 29 5 0 0 0 0 0 0 0 0 0 0 0 0 0 0 1067 1068
1068 1068 1068 1068 1068 1068 1068 1068 1068 1068 1068 1082 1083 1084 1068 1068 1068 1068 1068 1068 1068 1068 1068 1076 1077 1078 1068 1068 1068 1105 20494 118 119 119 119 119 48 119 1067 1068 1085 1086 1068 1068 1068 1070 1068 1073 0 0 0 0 1063 1103 0 0 0 0 1067 1068 1072 1068 1068 1085 1086 1068 1070 1068 1105 1108 1108 1121 0 0 0 0 0 0 0 0 0 0 0 0 0 0 1067 1068
1068 1079 1080 1081 1068 1068 1068 1074 1075 1068 1068 1089 1090 1091 1068 1068 1068 1068 1068 1068 1068 1068 1068 1082 1083 1084 1068 1068 1068 1068 20580 20494 20495 20495 20495 20495 20528 20495 1067 1068 1068 1068 1068 1068 1068 1068 1068 1073 0 0 0 0 0 0 0 0 0 0 1067 1068 1072 1068 1068 1068 1068 1068 1068 1068 1068 1115 1115 1073 0 0 0 0 119 119 119 119 0 0 0 0 0 0 1067 1068
1068 1087 1068 1088 1068 1068 1068 1085 1086 1068 1068 1069 1095 1096 1068 1068 1068 1068 1068 1070 1068 1068 1068 1089 1090 1091 1068 1068 1068 1068 1068 1124 1125 1125 1125 1128 1072 1127 1117 1068 1068 1068 1068 1070 1068 1068 1068 1073 0 0 0 0 0 0 0 0 0 4 1067 1068 1072 1068 1068 1068 1068 1068 1068 1068 1068 1070 1068 1073 0 0 0 120 20495 20495 20495 20495 118 0 0 0 0 0 1067 1068
1068 1092 1093 1094 1068 1068 1068 1068 1068 1068 1068 1068 1068 1068 1068 1068 1068 1068 1068 1068 1068 1068 1068 1069 1095 1096 1068 1068 1068 1068 1074 1075 1068 1097 1060 1103 1072 1063 1060 1098 1068 1068 1068 1068 1068 1068 1068 1073 0 0 0 0 0 0 0 0 31 5 1067 1068 1072 1068 1068 1068 1068 1068 1068 1070 1068 1068 1068 1073 0 0 120 20496 20581 1125 1125 20581 20494 118 0 0 0 0 1067 1068
1068 1068 1068 1068 1068 1068 1068 1068 1068 1068 1068 1068 1068 1068 1074 1075 1068 1068 1068 1068 1068 1068 1068 1068 1068 1068 1068 1068 1068 1068 1085 1086 1068 1073 19564 19564 19563 19564 19564 1067 1068 1068 1068 1068 1074 1075 1068 1073 0 0 0 0 0 0 0 0 1110 1121 1067 1068 1072 1068 1074 1075 1068 1068 1068 1068 1068 1068 1068 1073 119 120 20496 20582 1068 1068 1068 1068 20580 20494 118 119 119 119 1067 1068
1070 1068 1068 1068 1068 1068 1068 1068 1068 1068 1068 1068 1068 1068 1085 1086 1068 1068 1068 1068 1079 1080 1081 1068 1068 1068 1074 1075 1068 1068 1068 1068 1068 1073 19565 19565 19565 19565 19565 1067 1068 1068 1068 1068 1085 1086 1068 1073 118 0 0 0 0 0 0 0 1063 1103 1067 1068 1072 1068 1085 1086 1068 1068 1068 1068 1068 1068 1068 1073 20495 20496 20582 1068 1068 1068 1068 1068 1068 20580 20494 20495 20495 20495 1067 1068
1076 1077 1078 1068 1068 1068 1068 1070 1068 1068 1068 1068 1068 1068 1068 1068 1068 1068 1068 1068 1087 1068 1088 1068 1068 1068 1085 1086 1068 1068 1068 1068 1068 1073 19565 19565 19565 19565 19565 1067 1068 1068 1068 1068 1068 1068 1068 1105 20494 118 119 119 119 119 119 119 119 119 1067 1068 1072 1068 1068 1068 1068 1068 1068 1068 1068 1068 1070 1105 1125 1126 1068 1068 1068 1068 1068 1068 1068 1068 1124 1125 1125 1125 1117 1068
1082 1083 1084 1068 1068 1068 1068 1068 1068 1068 1068 1068 1068 1068 1068 1068 1068 1068 1068 1068 1092 1093 1094 1068 1068 1068 1068 1068 1068 1068 1068 1068 1068 1105 1118 1118 1118 1118 1118 1117 1068 1068 1068 1068 1068 1068 1068 1068 1124 20494 20495 20495 20495 20495 20495 20495 20495 20495 1067 1097 1072 1060 1060 1060 1098 1068 1068 1068 1068 1068 1068 1068 1068 1068 1068 1068 1068 1068 1068 1068 1068 1068 1068 1068 1068 1068 1068 1068
1089 1090 1091 1068 1068 1074 1075 1068 1068 1068 1068 1068 1068 1068 1068 1068 1068 1068 1068 1068 1068 1068 1068 1068 1068 1068 1068 1068 1068 1068 1068 1068 1070 1068 1068 1068 1068 1070 1068 1068 1068 1068 1068 1068 1068 1068 1068 1068 1068 1124 1125 1125 1125 1125 1125 1125 1125 1125 1117 1073 1131 1132 1132 1132 1067 1068 1068 1068 1068 1068 1068 1068 1068 1074 1075 1068 1068 1068 1068 1079 1080 1081 1068 1070 1068 1068 1068 1068
1069 1095 1096 1068 1068 1085 1086 1068 1068 1068 1068 1068 1068 1068 1070 1068 1068 1068 1068 1070 1068 1068 1068 1068 1068 1068 1068 1068 1068 1068 1068 1068 1068 1068 1068 1068 1068 1068 1068 1068 1068 1068 1068 1068 1070 1068 1068 1068 1068 1070 1068 1068 1068 1070 1068 1068 1068 1068 1068 1073 1133 1133 1133 1133 1067 1068 1068 1068 1068 1068 1068 1068 1068 1085 1086 1068 1070 1068 1068 1087 1068 1088 1068 1068 1068 1074 1075 1068
1068 1068 1068 1068 1068 1068 1068 1082 1083 1084 1068 1068 1068 1068 1068 1068 1068 1068 1068 1076 1077 1078 1068 1068 1068 1068 1070 1068 1068 1068 1068 1068 1068 1068 1068 1068 1068 1068 1068 1068 1068 1068 1068 1068 1068 1068 1068 1068 1068 1068 1068 1068 1068 1068 1068 1068 1068 1068 1068 1073 1133 1133 1133 1133 1067 1068 1068 1068 1068 1070 1068 1068 1068 1068 1068 1068 1068 1068 1068 1092 1093 1094 1068 1068 1068 1085 1086 1068
