80 50
1063 12309 12310 12311 12310 12311 12310 1083 1084 1085 1084 1085 1084 1085 1084 1085 1084 1085 1084 1085 1084 1085 1084 1085 1084 1085 1084 1085 1084 1085 1084 1085 1084 1085 1084 1085 1084 1085 1084 1085 1084 1085 1084 1085 1084 1085 1084 1085 1084 1085 1084 1085 1084 1085 1084 1085 1084 1085 1084 1085 1084 1085 1084 1085 1084 1085 1084 1085 1084 1085 1084 1085 1067 1085 1086 1087 1084 1067 1079 1080
1066 21 22 23 22 23 22 125 126 125 126 125 126 127 128 129 125 126 125 126 125 126 125 126 125 126 125 130 126 12312 131 132 132 133 131 132 133 131 132 133 131 132 133 131 132 133 131 132 133 131 132 133 131 132 133 131 132 133 131 132 133 131 132 133 134 129 125 126 125 126 125 126 1070 24 131 133 134 1070 1088 1089
1069 21 22 23 22 23 22 135 136 135 136 137 138 139 140 141 142 143 135 136 135 136 142 143 142 143 135 144 136 12313 145 2 2 146 145 2 146 145 2 146 145 2 146 145 2 146 145 2 146 145 2 146 145 2 146 145 2 146 145 2 146 145 2 146 147 141 135 136 135 136 142 143 1090 25 145 148 147 1090 1073 1074
1063 149 150 151 150 151 150 152 153 154 155 156 157 158 28 159 160 161 152 153 154 155 162 161 151 161 151 1083 1091 12314 33 2 2 34 33 2 34 33 2 34 33 2 34 33 2 34 33 2 34 33 2 34 33 2 34 33 2 34 33 2 34 33 2 34 35 163 23 22 23 22 23 164 1092 26 33 34 35 1092 1077 1078
1066 165 166 167 166 167 166 168 169 2 170 167 166 158 28 171 167 166 168 169 2 170 167 166 167 166 167 1091 1083 12314 33 2 2 34 33 2 34 33 2 34 33 2 34 33 2 34 33 2 34 33 2 34 33 2 34 33 2 34 33 2 34 33 2 34 35 163 23 22 23 22 23 22 1093 26 33 34 35 1093 1062 1063
1069 1084 1085 1084 1085 1084 1085 1067 11282 11283 11284 1064 1064 172 28 1067 1084 1085 1067 18 19 20 1067 1084 1085 1084 1085 1084 1067 12314 33 2 2 34 33 2 34 33 2 34 33 2 34 33 2 34 33 2 34 33 2 34 33 2 34 33 2 34 33 2 34 33 2 34 35 163 23 22 23 22 23 22 1064 26 33 34 35 1064 1065 1066
1094 1095 1096 11 173 135 136 135 12310 12311 12310 1090 1067 12315 12316 1070 174 136 135 22 23 22 1082 1097 1098 1062 1099 1063 1070 26 33 2 2 34 33 2 34 33 2 34 33 2 34 33 2 34 33 2 34 33 2 34 33 2 34 33 2 34 33 2 34 33 2 34 35 163 21533 21534 23 22 21533 21534 1067 26 33 34 35 1090 1068 1069
1100 1101 1102 1064 175 23 22 23 22 176 177 1092 1070 27 28 1067 21 22 23 22 23 22 1103 1104 1105 1068 1106 1069 1070 26 33 2 2 34 33 2 34 33 2 34 33 2 34 33 2 34 33 2 34 33 2 34 33 2 34 33 2 34 33 2 34 33 2 34 35 159 1064 1064 178 22 1067 1067 1070 26 33 34 35 1092 1107 1108
1062 1107 1108 1064 175 23 22 23 22 179 180 1093 1064 27 28 1070 21 22 23 22 23 22 1062 1099 1063 1067 1109 1094 1070 36 181 182 182 183 181 182 183 181 182 183 181 182 183 181 182 183 181 182 183 181 182 183 181 182 183 181 182 183 181 182 183 181 182 183 37 171 1064 1064 21 22 1067 1067 1090 26 33 34 35 1093 1110 1111
1068 1110 1111 1090 175 23 184 185 21533 21535 21535 1112 1064 27 28 1070 21 22 23 21533 21535 21535 1112 1106 1069 1070 1113 1100 1114 21535 21535 21535 21535 21535 21535 22559 22559 21535 21535 21535 21535 21535 21535 21535 22559 22559 21535 21535 21535 21535 21535 21535 21535 22559 22559 21535 21535 21535 21535 21535 21535 21535 21535 22559 22559 21535 1112 1064 21 22 1070 1070 1092 26 33 34 35 1067 1062 1063
1064 1115 1116 1092 175 23 186 187 22 23 22 1064 1090 27 28 1067 21 22 23 22 23 22 1085 1085 1067 1067 1091 1083 1091 1083 1091 1117 1085 1084 1085 1064 1117 1064 1064 1117 1064 1064 1117 1084 1067 1084 1085 1084 1085 1067 1084 1085 1084 1085 1084 1085 1084 1085 1084 1085 1084 1085 1084 1085 1084 1085 1085 1067 21 22 3086 3087 1093 26 33 34 35 1070 1068 1069
1063 1118 1119 1093 175 176 177 23 22 23 22 1092 1092 27 28 1067 21 22 23 22 23 22 129 125 126 125 126 32892 32892 32892 32892 188 126 24 134 125 126 24 134 129 24 134 125 126 1070 189 125 126 125 126 24 131 132 132 133 132 132 132 132 133 132 132 132 132 133 134 125 126 190 22 3088 3089 1064 26 33 34 35 1067 1062 1063
1069 1120 1121 1064 175 179 180 23 184 185 22 1064 1093 27 28 1067 21 22 23 22 23 22 141 142 143 142 143 32892 32892 32892 32892 174 136 25 147 191 192 25 147 141 25 147 137 138 193 194 193 194 191 192 25 145 2 2 146 2 2 2 2 146 2 2 2 2 146 147 195 196 23 22 3088 3089 1090 26 33 34 35 1070 1068 1069
1122 1090 1064 1064 175 197 198 23 186 187 22 1064 1064 27 28 1070 149 150 199 200 199 200 159 160 161 160 161 32892 32892 32892 32892 149 150 26 35 201 202 26 35 159 26 35 156 157 203 204 203 204 201 202 26 33 2 2 34 2 2 2 2 34 2 2 2 2 34 35 205 206 23 22 3088 3089 1092 26 33 34 35 1090 1062 1063
1123 1092 1091 1114 21535 21535 21535 21534 22 23 22 1064 1064 27 28 1070 165 166 167 166 207 166 171 167 166 167 166 32892 32892 32892 32892 165 166 26 35 207 166 36 37 208 36 37 209 166 207 166 207 166 207 166 26 33 2 2 34 2 2 2 2 34 2 2 2 2 34 35 151 150 23 22 3088 3089 1093 26 33 34 35 1092 1115 1116
1064 1093 1086 1087 175 23 22 23 22 210 211 1064 1064 27 28 1067 1084 1085 1084 1085 1084 1084 1085 1084 1085 1084 1067 188 126 125 126 1124 1083 26 35 1064 1124 1064 1064 1124 1064 1064 1124 1085 1084 1085 1085 1084 1085 1064 26 33 2 2 34 2 2 10242 2 34 2 2 2 2 34 35 207 166 23 22 3088 3089 1067 26 33 34 35 1093 1118 1119
1067 1064 212 150 159 199 200 199 200 213 214 1067 1090 27 28 1064 1091 1083 1091 1083 1067 1091 1083 1067 1071 1072 1070 174 136 142 143 1090 1064 26 35 1064 1109 1094 1095 1096 1062 1099 1063 1107 1108 1062 1063 1107 1108 1090 26 33 2 2 34 2 2 10242 2 34 2 2 2 2 34 35 1085 1064 215 22 3088 3089 1070 26 33 34 35 1064 1120 1121
1070 1067 216 166 171 167 166 207 166 207 166 1070 1092 27 28 1067 1081 1082 1064 1084 1085 1084 1085 1064 1075 1076 1064 21 22 23 164 1092 1090 26 35 1090 1113 1100 1101 1102 1068 1106 1069 1110 1111 1068 1069 1110 1111 1092 26 33 2 2 34 2 2 10242 2 34 2 2 2 2 34 35 1092 1064 21 22 3088 3089 1090 26 33 34 35 1090 1081 1082
1122 1070 1125 1126 1084 1085 1084 1085 1084 1085 1084 1093 1093 27 28 1070 1127 1103 1064 217 126 125 126 1067 1091 1083 1067 21 22 23 22 1093 1092 26 35 1092 1062 1099 1063 1107 1108 1062 1099 1063 1128 1080 1062 1099 1063 1090 26 33 2 2 34 2 2 10242 2 34 2 2 2 2 34 35 1092 1093 21 22 3088 3089 1093 26 33 34 35 1092 1127 1103
1123 1083 1085 1084 1085 1084 1085 1084 1085 1067 1091 1083 1064 27 28 1064 1091 1083 1067 174 136 135 136 1070 1091 1083 1114 21525 21526 21527 21526 1112 1093 26 35 1093 1068 1106 1069 1110 1111 1068 1106 1069 1129 1089 1068 1106 1069 1092 36 181 182 182 183 182 182 182 182 183 182 182 182 182 183 37 1092 1130 21 22 23 22 1131 26 33 34 35 1093 1062 1063
1064 1064 24 131 132 132 132 133 134 12328 38 39 40 27 28 40 38 39 40 1086 1087 23 22 1067 1085 1084 1067 21 22 23 22 1091 1083 36 37 1064 1132 1133 1134 1132 1133 1134 1132 1133 1134 1132 1133 1134 1132 1114 21535 21535 21535 21535 21535 21535 21535 21535 21535 21535 21535 21535 21535 21535 21535 21535 1112 1135 21525 21526 21527 21526 1136 26 33 34 35 1067 1068 1069
1067 1067 26 33 2 2 2 34 35 12331 41 42 43 27 28 43 41 42 43 149 150 151 150 218 219 218 218 190 22 23 22 219 218 26 35 218 219 218 219 218 219 218 219 218 219 219 218 219 218 219 219 218 219 218 219 218 219 218 219 218 219 218 219 218 219 218 219 218 220 150 151 150 221 26 33 34 35 1070 1107 1108
1070 1070 36 181 182 182 182 183 37 12334 44 45 46 27 28 46 44 45 46 165 166 209 166 1067 1085 1084 1067 178 184 185 22 1091 1083 26 35 1086 1087 1133 1134 1132 1133 1134 1132 1133 1134 1132 1133 1134 1132 1133 1134 1132 1133 1134 1132 1133 1134 1132 1133 1134 1132 1133 1134 1132 1133 1134 1093 1067 207 166 209 166 1070 26 33 34 35 1067 1110 1111
1122 1064 1085 1084 1085 1084 1085 1084 1085 1064 1091 1083 1064 27 28 1064 1091 1083 1064 1125 1126 1085 1084 1067 1091 1083 1067 21 186 187 22 1067 1067 26 35 151 150 1067 1132 1133 1064 1132 1064 1132 1134 1115 1116 1109 1094 1095 1096 1132 1114 21627 21627 21627 21627 21627 21627 1112 1132 1064 1102 1102 1101 1079 1080 1070 1084 1085 1084 1085 1067 26 33 34 35 1070 1062 1063
1123 1067 1091 1083 1091 1083 1091 1083 1064 1091 1083 1091 1083 21533 21536 1091 1083 1091 1083 1091 1083 1091 1083 1134 1132 1133 1134 222 223 176 177 1070 1070 26 35 209 166 1070 1064 1085 1084 1064 1085 1084 1064 1118 1119 1113 1100 1101 1102 1064 224 24 131 133 131 133 134 1132 1102 1064 1101 1102 1101 1088 1089 1083 1064 1085 1084 1085 1070 36 181 183 37 1090 1068 1069
1064 1067 1084 1085 1084 1085 1084 1085 1084 1085 1091 1083 1117 1091 1083 1117 1091 1083 1117 1091 1083 1117 1091 1083 1132 1133 129 225 226 179 180 1064 1090 26 35 1086 1087 1067 1067 127 128 1132 217 126 1064 1120 1121 1064 1132 1132 1134 1064 175 25 145 148 145 148 147 125 126 125 126 125 126 1091 1091 1083 224 125 126 125 126 24 131 133 134 1092 1062 1063
1067 1070 24 131 132 132 133 134 227 228 125 126 125 126 125 126 125 126 125 126 125 126 227 228 125 126 141 229 230 197 198 1067 1093 26 35 1070 1064 1070 1070 231 140 141 191 192 1101 1102 1101 1101 1102 1134 1064 32892 175 25 33 34 33 34 35 191 192 137 138 1086 1087 1091 1091 1083 175 195 196 142 143 25 145 148 147 1093 1068 1069
1070 1067 25 145 2 2 146 147 232 233 234 235 236 237 193 194 191 192 142 143 142 143 232 233 238 239 163 240 241 229 230 1070 1067 22564 22565 1090 1067 1090 1064 27 28 159 201 202 219 219 219 219 219 219 219 32892 242 26 33 34 33 34 35 201 202 156 157 203 204 221 1086 1087 175 205 206 23 164 26 33 34 35 1064 1128 1080
1122 1070 26 33 2 2 34 35 227 228 243 244 199 200 203 204 201 202 151 161 151 161 227 228 245 246 159 247 248 151 150 1067 1070 1084 1085 1093 1070 1093 1067 27 28 208 207 166 1101 1102 1064 1101 1102 1064 1132 32892 249 26 33 34 33 34 35 207 166 209 166 207 166 1090 149 150 159 23 22 23 22 26 33 34 35 1090 1129 1089
1123 1067 26 33 2 2 34 35 232 233 207 166 207 166 207 166 207 166 207 166 207 166 232 233 207 166 208 167 166 207 166 1070 1067 1109 1094 1067 1081 1093 1093 27 28 1093 1093 1085 1084 1085 1084 1085 1084 1085 1084 1090 1114 21535 21535 21536 33 34 35 1064 1084 1085 1064 1086 1087 1092 165 166 171 151 150 151 150 26 33 34 35 1090 1062 1063
1064 1070 26 33 2 2 34 35 1064 1064 1064 1064 1124 1064 1064 1124 1064 1064 1124 1064 1064 1124 1085 1084 1085 1114 21535 21535 21535 21535 21535 1112 1070 1113 1100 1070 1127 1114 219 250 28 219 1112 217 126 217 126 251 252 251 252 1092 1070 26 33 34 33 34 35 1067 1115 1116 1079 1080 1064 1101 1125 1126 1084 1085 1084 1085 1114 21530 21537 21538 21539 1112 1065 1066
1067 1090 26 33 2 2 34 35 1067 1137 1138 1132 1133 1134 1064 1132 1132 1133 1134 1064 1132 1133 1134 1088 1089 1109 1094 1095 1096 1097 1098 1062 1063 1133 1134 1070 1133 1093 1093 172 28 1093 1093 1086 1087 193 194 253 254 253 254 1093 1070 26 33 34 33 34 35 1070 1118 1119 1088 1089 1067 1090 1132 1133 1134 1064 1062 1063 1090 26 3 4 35 1090 1068 1069
1070 1067 26 33 2 2 34 35 1070 1115 1116 1067 1084 1085 1084 1085 1064 1132 1133 1134 1064 1132 1133 1134 1064 1113 1100 1101 1102 1104 1105 1065 1066 1109 1094 1095 1096 1090 1090 27 28 1090 1090 149 150 203 204 227 228 227 228 1067 1090 26 33 34 33 34 35 1090 1120 1121 1062 1063 1070 1092 1109 1094 1095 1096 1065 1066 1092 26 5 6 35 1092 1062 1063
1122 1070 26 33 2 2 34 35 1090 1118 1119 1070 24 131 133 134 40 47 48 49 50 38 39 40 188 126 1086 1087 1064 1062 1063 1068 1069 1113 1100 1101 1102 1093 1092 27 28 221 1064 165 166 207 166 232 233 232 233 1070 1092 26 33 34 33 34 35 1092 1139 1140 1065 1066 1090 1093 1113 1100 1101 1102 1068 1069 32892 32892 32892 32892 32892 32892 1115 1116
1123 1067 26 33 2 2 34 35 1093 1120 1121 1067 25 145 146 147 43 51 52 53 54 44 45 43 255 256 257 256 1067 1065 1066 1090 1062 1063 1062 1063 1079 1080 1093 27 28 1093 1064 1125 1126 1090 1064 251 252 251 252 1090 1093 26 33 34 33 34 35 1093 1141 1142 1068 1069 1092 1067 1062 1099 1063 1062 1099 1063 1064 26 33 34 35 1090 1118 1119
1064 1070 26 33 2 2 34 35 1067 1095 1096 1070 26 33 34 35 46 55 56 43 57 58 43 46 258 166 209 166 1070 1068 1069 1092 1115 1116 1068 1069 1088 1089 1064 27 28 1093 1064 1090 1064 1092 1090 253 254 253 254 1092 1067 26 33 34 33 34 35 1067 1095 1096 1101 1102 1093 1070 1068 1106 1069 1068 1106 1069 1067 26 33 34 35 1092 1120 1121
1067 1067 26 33 2 2 34 35 1070 1101 1102 1067 26 33 34 35 1067 1088 1089 1070 1127 1103 1070 1064 1091 1083 1125 1126 1064 1099 1063 1093 1118 1119 1128 1080 1062 1063 1067 27 28 1067 1093 1093 1107 1108 1092 227 228 227 228 1093 1070 26 33 34 21533 21535 21535 1112 1101 1102 1064 1085 1084 1085 1084 1085 1084 1085 1084 1090 1067 26 33 34 35 1092 1079 1080
1070 1070 26 33 2 2 34 35 1090 1071 1072 1070 26 33 34 35 1070 1109 1094 1095 1096 1062 1063 1107 1108 1068 1069 1070 1068 1106 1069 1064 1120 1121 1129 1089 1068 1114 219 250 28 219 1112 1067 1110 1111 1093 232 233 232 233 1064 1090 26 33 34 33 34 35 1090 1071 1072 1090 217 126 125 126 125 126 125 126 1092 1070 26 33 34 35 1093 1088 1089
1122 1064 26 33 2 2 34 35 1093 1075 1076 1064 36 181 183 37 1067 1113 1100 1101 1102 1068 1069 1110 1111 1062 1099 1063 1062 1099 1063 1090 1115 1116 1107 1108 1062 1063 1067 172 28 1090 1067 1070 1062 1063 1064 251 252 251 252 1067 1092 26 33 34 33 34 35 1092 1075 1076 1092 174 136 135 136 135 136 135 136 1093 1070 26 33 34 35 1093 1062 1063
1123 1090 26 33 2 2 34 35 1067 1062 1063 1090 1084 1085 1084 1085 1070 1115 1116 1071 1072 1073 1074 1062 1063 1068 1106 1069 1068 1106 1069 1092 1118 1119 1110 1111 1068 1069 1067 27 28 1093 1062 1063 1068 1069 1093 232 233 232 233 1064 1093 26 33 34 33 34 35 1093 1062 1063 1093 21 22 259 260 152 153 154 155 1067 1090 26 33 34 35 1067 1068 1069
1064 1067 26 33 2 2 34 35 1070 1068 1069 1092 1073 1074 1062 1063 1067 1118 1119 1075 1076 1077 1078 1068 1069 1132 1133 1134 1132 1133 1134 1093 1120 1121 1062 1063 1107 1108 221 250 28 1070 1115 1116 1062 1063 1064 251 252 251 252 1067 1064 26 33 34 33 34 35 1064 1068 1069 1064 21 22 23 22 168 169 2 170 1070 1092 26 33 34 35 1070 1143 1144
1067 1070 26 33 2 2 34 35 1067 1073 1074 1093 1077 1078 1068 1069 1070 1120 1121 1062 1063 1079 1080 1067 1081 1082 1097 1098 1062 1063 1115 1116 1062 1063 1068 1069 1110 1111 1092 172 28 1070 1118 1119 1065 1066 1064 253 254 253 254 1070 1064 26 33 34 33 34 35 1064 1073 1074 1067 261 262 23 22 263 18 19 20 1064 1093 26 33 34 35 1064 1145 1146
1070 1067 26 33 2 2 34 35 1070 1077 1078 1079 1080 1134 1132 1091 1083 1134 1132 1068 1069 1088 1089 1070 1127 1103 1104 1105 1065 1066 1118 1119 1068 1069 1128 1080 1062 1063 1067 27 28 1090 1120 1121 1068 1069 1064 217 126 125 126 1070 1114 21535 21535 21536 33 34 35 1067 1077 1078 1070 149 150 23 22 176 177 23 22 1067 1067 26 33 34 35 1067 1097 1098
1122 1070 26 33 2 2 34 35 1064 1084 1083 1088 1089 1091 1083 1107 1108 1079 1080 1093 1062 1063 1107 1108 1062 1063 1091 1083 1068 1069 1120 1121 1064 1064 1129 1089 1068 1069 1090 27 28 1093 1070 1064 1070 1064 1114 174 136 135 136 1112 1070 26 33 34 33 34 35 1070 1084 1085 1084 1085 1084 1085 1084 1070 264 265 22 1070 1070 26 33 34 35 1070 1104 1105
1123 1067 26 33 2 2 34 35 125 126 125 126 125 126 1064 1110 1111 1088 1089 1090 1068 1069 1110 1111 1068 1069 1062 1063 1107 1108 1097 1098 1107 1108 1073 1074 1062 1114 219 250 28 219 1112 1064 1070 1064 266 190 22 23 22 125 126 26 33 34 33 34 35 125 126 125 126 125 1070 267 268 267 269 270 271 1090 1090 26 33 34 35 1090 1062 1063
1064 1070 26 33 2 2 34 35 191 192 193 194 1086 1087 1062 1063 1062 1063 1107 1108 1073 1074 1062 1063 1107 1108 1068 1069 1110 1111 1104 1105 1110 1111 1077 1078 1068 1069 1093 172 28 236 237 1086 1087 135 272 23 22 23 22 273 274 26 33 34 33 34 35 191 192 137 138 236 237 23 184 185 230 275 276 1092 1092 1086 1087 34 35 1092 1065 1066
1067 1064 26 33 2 2 34 35 201 202 203 204 257 256 1115 1116 1068 1069 1110 1111 1077 1078 1068 1069 1110 1111 1062 1099 1063 1062 1099 1063 1062 1063 1062 1063 1062 1063 1064 27 28 151 150 151 150 151 150 151 150 151 150 213 214 26 33 34 33 34 35 201 202 156 157 199 200 23 186 187 277 23 22 1093 1093 26 33 34 35 1093 1068 1069
1070 1090 36 181 182 182 183 37 207 166 167 166 209 166 1118 1119 1073 1074 1062 1063 1062 1063 1062 1063 1062 1063 1068 1106 1069 1068 1106 1069 1068 1069 1115 1116 1068 1069 1064 27 28 167 166 167 166 167 166 167 166 167 166 207 166 26 33 34 33 34 35 207 166 167 166 167 166 23 22 278 279 23 22 1067 1064 36 181 183 37 1067 1062 1063
1122 1064 1064 1085 1084 1085 1084 1085 1084 1085 1084 1085 1125 1126 1084 1085 1077 1078 1068 1069 1115 1116 1068 1069 1068 1069 1107 1108 1115 1116 1143 1144 1073 1074 1118 1119 1128 1080 1064 27 28 1064 1085 1086 1087 1084 1085 1084 1085 1084 1085 1084 1064 36 181 183 181 183 37 1064 1085 1084 1085 1084 1070 23 22 280 281 23 22 1070 1064 1125 1126 1064 1084 1070 1068 1069
1123 1132 1133 1134 1132 1133 1134 1132 1133 1134 1132 1133 1134 1091 1083 1079 1080 1062 1099 1063 1118 1119 1128 1080 1062 1063 1110 1111 1118 1119 1145 1146 1077 1078 1120 1121 1129 1089 1114 21535 21535 1112 1107 1108 1062 1063 1062 1063 1107 1108 1062 1099 1114 21535 21535 21535 21535 21535 21535 1112 1108 1062 1099 1063 1114 21535 22559 22559 21535 21535 21535 1112 1107 1108 1062 1099 1063 1107 1128 1080
